0 3.5532991886138916 1.3446881771087646 9.0336121916223533e-10 901
1 7.1065983772277832 1.3446881771087646 9.0336121916223533e-10 901
2 28.426393508911133 1.3446881771087646 9.0336121916223533e-10 901
3 71.065986633300781 1.3446881771087646 9.0336121916223533e-10 901
4 142.13197326660156 1.3446881771087646 9.0336121916223533e-10 901
5 355.32992553710938 1.3446881771087646 9.0336121916223533e-10 901
6 710.65985107421875 1.3446881771087646 9.0336121916223533e-10 901
7 1421.3197021484375 1.3446881771087646 9.0336121916223533e-10 901
8 3.3421199321746826 1.3419511318206787 7.2853090227198436e-10 901
9 6.6842398643493652 1.3419511318206787 7.2853090227198436e-10 901
10 26.736959457397461 1.3419511318206787 7.2853090227198436e-10 901
11 66.842399597167969 1.3419511318206787 7.2853090227198436e-10 901
12 133.68479919433594 1.3419511318206787 7.2853090227198436e-10 901
13 334.21197509765625 1.3419511318206787 7.2853090227198436e-10 901
14 668.4239501953125 1.3419511318206787 7.2853090227198436e-10 901
15 1336.847900390625 1.3419511318206787 7.2853090227198436e-10 901
16 2.4543693065643311 1.3311318159103394 1.5712583234517297e-08 901
17 4.9087386131286621 1.3311318159103394 1.5712583234517297e-08 901
18 19.634954452514648 1.3311318159103394 1.5712583234517297e-08 901
19 49.087387084960938 1.3311318159103394 1.5712583234517297e-08 901
20 98.174774169921875 1.3311318159103394 1.5712583234517297e-08 901
21 245.43692016601562 1.3311318159103394 1.5712583234517297e-08 901
22 490.87384033203125 1.3311318159103394 1.5712583234517297e-08 901
23 981.7476806640625 1.3311318159103394 1.5712583234517297e-08 901
24 1.815949559211731 1.324372410774231 3.5473851767164888e-07 901
25 3.6318991184234619 1.324372410774231 3.5473851767164888e-07 901
26 14.527596473693848 1.324372410774231 3.5473851767164888e-07 901
27 36.318988800048828 1.324372410774231 3.5473851767164888e-07 901
28 72.637977600097656 1.324372410774231 3.5473851767164888e-07 901
29 181.59495544433594 1.324372410774231 3.5473851767164888e-07 901
30 363.18991088867188 1.324372410774231 3.5473851767164888e-07 901
31 726.37982177734375 1.324372410774231 3.5473851767164888e-07 901
32 1.7380852699279785 1.3235605955123901 5.0566973186505493e-07 901
33 3.476170539855957 1.3235605955123901 5.0566973186505493e-07 901
34 13.904682159423828 1.3235605955123901 5.0566973186505493e-07 901
35 34.761707305908203 1.3235605955123901 5.0566973186505493e-07 901
36 69.523414611816406 1.3235605955123901 5.0566973186505493e-07 901
37 173.80853271484375 1.3235605955123901 5.0566973186505493e-07 901
38 347.6170654296875 1.3235605955123901 5.0566973186505493e-07 901
39 695.234130859375 1.3235605955123901 5.0566973186505493e-07 901
40 1 1.0099999904632568 0 901
41 2 1.0099999904632568 0 901
42 10 1.0099999904632568 0 901
43 100 1.0099999904632568 0 901
44 512 1.0099999904632568 0 901
45 1024 1.0099999904632568 0 901
46 2048 1.0099999904632568 0 901
47 1 1.3300000429153442 0 901
48 2 1.3300000429153442 0 901
49 10 1.3300000429153442 0 901
50 100 1.3300000429153442 0 901
51 512 1.3300000429153442 0 901
52 1024 1.3300000429153442 0 901
53 2048 1.3300000429153442 0 901
54 1 1.5 0.05000000074505806 901
55 2 1.5 0.05000000074505806 901
56 10 1.5 0.05000000074505806 901
57 100 1.5 0.05000000074505806 901
58 512 1.5 0.05000000074505806 901
59 1024 1.5 0.05000000074505806 901
60 2048 1.5 0.05000000074505806 901
61 1 2 0.0099999997764825821 901
62 2 2 0.0099999997764825821 901
63 10 2 0.0099999997764825821 901
64 100 2 0.0099999997764825821 901
65 512 2 0.0099999997764825821 901
66 1024 2 0.0099999997764825821 901
67 2048 2 0.0099999997764825821 901
