# GOES-R ABI FM4 SRF ch 086 CWG release
# wvl [micron],  wavenum [cm-1],  relative SRF
  0.8270610       12091.0      0.00098300
  0.8271300       12090.0      0.00100300
  0.8271980       12089.0      0.00102500
  0.8272670       12088.0      0.00104800
  0.8273350       12087.0      0.00107300
  0.8274040       12086.0      0.00109800
  0.8274720       12085.0      0.00112500
  0.8275410       12084.0      0.00115200
  0.8276090       12083.0      0.00118000
  0.8276780       12082.0      0.00120900
  0.8277460       12081.0      0.00123700
  0.8278150       12080.0      0.00126600
  0.8278830       12079.0      0.00129500
  0.8279520       12078.0      0.00132300
  0.8280200       12077.0      0.00135100
  0.8280890       12076.0      0.00137900
  0.8281570       12075.0      0.00140600
  0.8282260       12074.0      0.00143400
  0.8282950       12073.0      0.00146000
  0.8283630       12072.0      0.00148700
  0.8284320       12071.0      0.00151300
  0.8285000       12070.0      0.00153900
  0.8285690       12069.0      0.00156500
  0.8286380       12068.0      0.00159200
  0.8287060       12067.0      0.00161900
  0.8287750       12066.0      0.00164600
  0.8288440       12065.0      0.00167500
  0.8289120       12064.0      0.00170400
  0.8289810       12063.0      0.00173400
  0.8290500       12062.0      0.00176500
  0.8291190       12061.0      0.00180100
  0.8291870       12060.0      0.00183900
  0.8292560       12059.0      0.00187900
  0.8293250       12058.0      0.00192100
  0.8293940       12057.0      0.00196300
  0.8294630       12056.0      0.00200700
  0.8295310       12055.0      0.00205300
  0.8296000       12054.0      0.00209900
  0.8296690       12053.0      0.00214600
  0.8297380       12052.0      0.00219400
  0.8298070       12051.0      0.00224300
  0.8298760       12050.0      0.00229200
  0.8299440       12049.0      0.00234200
  0.8300130       12048.0      0.00239300
  0.8300820       12047.0      0.00244700
  0.8301510       12046.0      0.00250500
  0.8302200       12045.0      0.00256500
  0.8302890       12044.0      0.00262600
  0.8303580       12043.0      0.00268800
  0.8304270       12042.0      0.00275200
  0.8304960       12041.0      0.00281700
  0.8305650       12040.0      0.00288300
  0.8306340       12039.0      0.00295100
  0.8307030       12038.0      0.00301900
  0.8307720       12037.0      0.00308800
  0.8308410       12036.0      0.00315800
  0.8309100       12035.0      0.00322900
  0.8309790       12034.0      0.00330100
  0.8310480       12033.0      0.00337500
  0.8311170       12032.0      0.00345600
  0.8311860       12031.0      0.00353800
  0.8312550       12030.0      0.00362200
  0.8313240       12029.0      0.00370600
  0.8313930       12028.0      0.00379200
  0.8314630       12027.0      0.00387900
  0.8315320       12026.0      0.00396700
  0.8316010       12025.0      0.00405800
  0.8316700       12024.0      0.00415000
  0.8317390       12023.0      0.00424400
  0.8318080       12022.0      0.00434000
  0.8318780       12021.0      0.00443900
  0.8319470       12020.0      0.00453900
  0.8320160       12019.0      0.00464300
  0.8320850       12018.0      0.00476200
  0.8321540       12017.0      0.00489000
  0.8322240       12016.0      0.00502300
  0.8322930       12015.0      0.00516100
  0.8323620       12014.0      0.00530300
  0.8324320       12013.0      0.00544900
  0.8325010       12012.0      0.00559900
  0.8325700       12011.0      0.00575300
  0.8326390       12010.0      0.00590900
  0.8327090       12009.0      0.00606900
  0.8327780       12008.0      0.00623100
  0.8328480       12007.0      0.00639600
  0.8329170       12006.0      0.00656200
  0.8329860       12005.0      0.00673100
  0.8330560       12004.0      0.00691200
  0.8331250       12003.0      0.00711100
  0.8331940       12002.0      0.00731300
  0.8332640       12001.0      0.00752000
  0.8333330       12000.0      0.00773200
  0.8334030       11999.0      0.00794900
  0.8334720       11998.0      0.00816900
  0.8335420       11997.0      0.00839500
  0.8336110       11996.0      0.00862500
  0.8336810       11995.0      0.00885900
  0.8337500       11994.0      0.00909800
  0.8338200       11993.0      0.00934100
  0.8338890       11992.0      0.00958800
  0.8339590       11991.0      0.00984000
  0.8340280       11990.0      0.01010300
  0.8340980       11989.0      0.01040500
  0.8341680       11988.0      0.01071500
  0.8342370       11987.0      0.01103300
  0.8343070       11986.0      0.01135900
  0.8343760       11985.0      0.01169300
  0.8344460       11984.0      0.01203500
  0.8345160       11983.0      0.01238400
  0.8345850       11982.0      0.01274000
  0.8346550       11981.0      0.01310400
  0.8347250       11980.0      0.01347600
  0.8347940       11979.0      0.01385400
  0.8348640       11978.0      0.01424000
  0.8349340       11977.0      0.01463200
  0.8350030       11976.0      0.01503200
  0.8350730       11975.0      0.01547100
  0.8351430       11974.0      0.01595500
  0.8352130       11973.0      0.01645400
  0.8352820       11972.0      0.01696800
  0.8353520       11971.0      0.01749600
  0.8354220       11970.0      0.01803800
  0.8354920       11969.0      0.01859300
  0.8355610       11968.0      0.01916100
  0.8356310       11967.0      0.01974100
  0.8357010       11966.0      0.02033200
  0.8357710       11965.0      0.02093500
  0.8358410       11964.0      0.02154800
  0.8359110       11963.0      0.02217100
  0.8359810       11962.0      0.02280400
  0.8360500       11961.0      0.02345800
  0.8361200       11960.0      0.02417300
  0.8361900       11959.0      0.02493000
  0.8362600       11958.0      0.02570600
  0.8363300       11957.0      0.02650000
  0.8364000       11956.0      0.02731300
  0.8364700       11955.0      0.02814400
  0.8365400       11954.0      0.02899400
  0.8366100       11953.0      0.02986400
  0.8366800       11952.0      0.03075200
  0.8367500       11951.0      0.03166000
  0.8368200       11950.0      0.03258700
  0.8368900       11949.0      0.03353400
  0.8369600       11948.0      0.03450100
  0.8370300       11947.0      0.03549200
  0.8371000       11946.0      0.03654800
  0.8371700       11945.0      0.03769000
  0.8372400       11944.0      0.03890300
  0.8373110       11943.0      0.04015900
  0.8373810       11942.0      0.04145600
  0.8374510       11941.0      0.04279200
  0.8375210       11940.0      0.04416600
  0.8375910       11939.0      0.04557700
  0.8376610       11938.0      0.04702400
  0.8377310       11937.0      0.04850400
  0.8378020       11936.0      0.05001700
  0.8378720       11935.0      0.05156000
  0.8379420       11934.0      0.05313300
  0.8380120       11933.0      0.05473500
  0.8380820       11932.0      0.05640400
  0.8381530       11931.0      0.05817600
  0.8382230       11930.0      0.06007100
  0.8382930       11929.0      0.06209400
  0.8383640       11928.0      0.06422100
  0.8384340       11927.0      0.06644000
  0.8385040       11926.0      0.06873800
  0.8385740       11925.0      0.07110100
  0.8386450       11924.0      0.07351600
  0.8387150       11923.0      0.07597000
  0.8387850       11922.0      0.07845000
  0.8388560       11921.0      0.08094200
  0.8389260       11920.0      0.08343300
  0.8389970       11919.0      0.08590900
  0.8390670       11918.0      0.08841600
  0.8391370       11917.0      0.09098700
  0.8392080       11916.0      0.09356900
  0.8392780       11915.0      0.09611100
  0.8393490       11914.0      0.09859700
  0.8394190       11913.0      0.10104900
  0.8394900       11912.0      0.10347700
  0.8395600       11911.0      0.10588900
  0.8396310       11910.0      0.10829600
  0.8397010       11909.0      0.11070500
  0.8397720       11908.0      0.11312700
  0.8398420       11907.0      0.11557000
  0.8399130       11906.0      0.11804400
  0.8399830       11905.0      0.12055800
  0.8400540       11904.0      0.12310800
  0.8401240       11903.0      0.12566900
  0.8401950       11902.0      0.12824600
  0.8402660       11901.0      0.13084100
  0.8403360       11900.0      0.13345700
  0.8404070       11899.0      0.13610000
  0.8404770       11898.0      0.13877200
  0.8405480       11897.0      0.14147700
  0.8406190       11896.0      0.14421800
  0.8406890       11895.0      0.14700000
  0.8407600       11894.0      0.14982800
  0.8408310       11893.0      0.15272500
  0.8409010       11892.0      0.15570300
  0.8409720       11891.0      0.15875900
  0.8410430       11890.0      0.16188300
  0.8411140       11889.0      0.16504600
  0.8411840       11888.0      0.16824300
  0.8412550       11887.0      0.17147400
  0.8413260       11886.0      0.17473900
  0.8413970       11885.0      0.17803700
  0.8414680       11884.0      0.18136900
  0.8415380       11883.0      0.18473300
  0.8416090       11882.0      0.18812900
  0.8416800       11881.0      0.19155700
  0.8417510       11880.0      0.19501600
  0.8418220       11879.0      0.19850500
  0.8418930       11878.0      0.20202500
  0.8419630       11877.0      0.20557500
  0.8420340       11876.0      0.20916000
  0.8421050       11875.0      0.21281100
  0.8421760       11874.0      0.21653200
  0.8422470       11873.0      0.22032100
  0.8423180       11872.0      0.22417600
  0.8423890       11871.0      0.22809100
  0.8424600       11870.0      0.23205600
  0.8425310       11869.0      0.23606600
  0.8426020       11868.0      0.24012600
  0.8426730       11867.0      0.24423500
  0.8427440       11866.0      0.24839800
  0.8428150       11865.0      0.25261400
  0.8428860       11864.0      0.25688700
  0.8429570       11863.0      0.26121800
  0.8430280       11862.0      0.26561000
  0.8430990       11861.0      0.27006700
  0.8431700       11860.0      0.27458700
  0.8432410       11859.0      0.27916500
  0.8433130       11858.0      0.28379600
  0.8433840       11857.0      0.28847500
  0.8434550       11856.0      0.29319800
  0.8435260       11855.0      0.29796000
  0.8435970       11854.0      0.30275600
  0.8436680       11853.0      0.30758200
  0.8437390       11852.0      0.31243200
  0.8438110       11851.0      0.31730200
  0.8438820       11850.0      0.32218700
  0.8439530       11849.0      0.32708300
  0.8440240       11848.0      0.33209300
  0.8440960       11847.0      0.33731000
  0.8441670       11846.0      0.34259700
  0.8442380       11845.0      0.34795000
  0.8443090       11844.0      0.35336000
  0.8443810       11843.0      0.35882200
  0.8444520       11842.0      0.36432900
  0.8445230       11841.0      0.36987500
  0.8445950       11840.0      0.37545300
  0.8446660       11839.0      0.38105700
  0.8447370       11838.0      0.38668000
  0.8448090       11837.0      0.39231600
  0.8448800       11836.0      0.39795800
  0.8449510       11835.0      0.40359900
  0.8450230       11834.0      0.40923800
  0.8450940       11833.0      0.41491800
  0.8451660       11832.0      0.42064400
  0.8452370       11831.0      0.42640500
  0.8453090       11830.0      0.43218700
  0.8453800       11829.0      0.43797800
  0.8454510       11828.0      0.44376500
  0.8455230       11827.0      0.44953500
  0.8455940       11826.0      0.45527600
  0.8456660       11825.0      0.46098900
  0.8457370       11824.0      0.46669400
  0.8458090       11823.0      0.47238800
  0.8458810       11822.0      0.47806700
  0.8459520       11821.0      0.48372700
  0.8460240       11820.0      0.48936700
  0.8460950       11819.0      0.49500600
  0.8461670       11818.0      0.50064800
  0.8462380       11817.0      0.50628900
  0.8463100       11816.0      0.51192700
  0.8463820       11815.0      0.51755600
  0.8464530       11814.0      0.52317400
  0.8465250       11813.0      0.52877800
  0.8465970       11812.0      0.53436300
  0.8466680       11811.0      0.53992700
  0.8467400       11810.0      0.54546600
  0.8468120       11809.0      0.55097600
  0.8468830       11808.0      0.55645300
  0.8469550       11807.0      0.56189500
  0.8470270       11806.0      0.56729500
  0.8470990       11805.0      0.57262800
  0.8471700       11804.0      0.57790600
  0.8472420       11803.0      0.58314900
  0.8473140       11802.0      0.58837700
  0.8473860       11801.0      0.59360300
  0.8474580       11800.0      0.59881800
  0.8475290       11799.0      0.60402000
  0.8476010       11798.0      0.60920900
  0.8476730       11797.0      0.61438700
  0.8477450       11796.0      0.61955400
  0.8478170       11795.0      0.62471000
  0.8478890       11794.0      0.62985400
  0.8479610       11793.0      0.63498900
  0.8480330       11792.0      0.64011500
  0.8481040       11791.0      0.64524500
  0.8481760       11790.0      0.65037700
  0.8482480       11789.0      0.65550800
  0.8483200       11788.0      0.66063500
  0.8483920       11787.0      0.66575500
  0.8484640       11786.0      0.67086400
  0.8485360       11785.0      0.67595900
  0.8486080       11784.0      0.68103700
  0.8486800       11783.0      0.68609500
  0.8487520       11782.0      0.69113000
  0.8488240       11781.0      0.69613700
  0.8488960       11780.0      0.70111400
  0.8489690       11779.0      0.70605700
  0.8490410       11778.0      0.71097500
  0.8491130       11777.0      0.71586000
  0.8491850       11776.0      0.72058900
  0.8492570       11775.0      0.72509400
  0.8493290       11774.0      0.72946900
  0.8494010       11773.0      0.73374000
  0.8494730       11772.0      0.73792700
  0.8495450       11771.0      0.74205200
  0.8496180       11770.0      0.74613700
  0.8496900       11769.0      0.75020200
  0.8497620       11768.0      0.75426900
  0.8498340       11767.0      0.75835900
  0.8499070       11766.0      0.76249300
  0.8499790       11765.0      0.76669200
  0.8500510       11764.0      0.77094000
  0.8501230       11763.0      0.77514400
  0.8501960       11762.0      0.77931300
  0.8502680       11761.0      0.78346500
  0.8503400       11760.0      0.78761500
  0.8504120       11759.0      0.79178000
  0.8504850       11758.0      0.79597600
  0.8505570       11757.0      0.80022000
  0.8506290       11756.0      0.80452700
  0.8507020       11755.0      0.80891500
  0.8507740       11754.0      0.81339900
  0.8508470       11753.0      0.81799700
  0.8509190       11752.0      0.82272400
  0.8509910       11751.0      0.82759700
  0.8510640       11750.0      0.83294500
  0.8511360       11749.0      0.83910700
  0.8512090       11748.0      0.84576300
  0.8512810       11747.0      0.85281000
  0.8513540       11746.0      0.86014600
  0.8514260       11745.0      0.86766900
  0.8514990       11744.0      0.87527400
  0.8515710       11743.0      0.88286000
  0.8516440       11742.0      0.89032300
  0.8517160       11741.0      0.89756000
  0.8517890       11740.0      0.90446800
  0.8518610       11739.0      0.91094200
  0.8519340       11738.0      0.91688100
  0.8520060       11737.0      0.92192900
  0.8520790       11736.0      0.92652100
  0.8521520       11735.0      0.93103000
  0.8522240       11734.0      0.93544200
  0.8522970       11733.0      0.93974500
  0.8523700       11732.0      0.94392600
  0.8524420       11731.0      0.94797300
  0.8525150       11730.0      0.95187200
  0.8525880       11729.0      0.95561200
  0.8526600       11728.0      0.95917800
  0.8527330       11727.0      0.96255800
  0.8528060       11726.0      0.96573900
  0.8528780       11725.0      0.96865800
  0.8529510       11724.0      0.97128000
  0.8530240       11723.0      0.97364200
  0.8530970       11722.0      0.97593000
  0.8531700       11721.0      0.97817900
  0.8532420       11720.0      0.98036300
  0.8533150       11719.0      0.98245600
  0.8533880       11718.0      0.98443500
  0.8534610       11717.0      0.98627200
  0.8535340       11716.0      0.98794300
  0.8536060       11715.0      0.98942100
  0.8536790       11714.0      0.99068200
  0.8537520       11713.0      0.99175800
  0.8538250       11712.0      0.99270000
  0.8538980       11711.0      0.99353300
  0.8539710       11710.0      0.99427900
  0.8540440       11709.0      0.99496900
  0.8541170       11708.0      0.99563500
  0.8541900       11707.0      0.99627200
  0.8542630       11706.0      0.99686900
  0.8543360       11705.0      0.99741600
  0.8544090       11704.0      0.99790500
  0.8544820       11703.0      0.99832400
  0.8545550       11702.0      0.99866600
  0.8546280       11701.0      0.99898000
  0.8547010       11700.0      0.99928500
  0.8547740       11699.0      0.99955900
  0.8548470       11698.0      0.99978300
  0.8549200       11697.0      0.99993700
  0.8549930       11696.0      1.00000000
  0.8550660       11695.0      0.99999400
  0.8551390       11694.0      0.99997600
  0.8552130       11693.0      0.99994600
  0.8552860       11692.0      0.99990500
  0.8553590       11691.0      0.99985500
  0.8554320       11690.0      0.99978600
  0.8555050       11689.0      0.99946900
  0.8555780       11688.0      0.99886100
  0.8556520       11687.0      0.99803000
  0.8557250       11686.0      0.99704400
  0.8557980       11685.0      0.99596900
  0.8558710       11684.0      0.99487400
  0.8559450       11683.0      0.99382700
  0.8560180       11682.0      0.99288700
  0.8560910       11681.0      0.99192100
  0.8561640       11680.0      0.99092700
  0.8562380       11679.0      0.98998400
  0.8563110       11678.0      0.98916600
  0.8563840       11677.0      0.98842300
  0.8564580       11676.0      0.98772300
  0.8565310       11675.0      0.98705900
  0.8566040       11674.0      0.98642300
  0.8566780       11673.0      0.98580800
  0.8567510       11672.0      0.98520600
  0.8568250       11671.0      0.98460900
  0.8568980       11670.0      0.98401000
  0.8569710       11669.0      0.98340100
  0.8570450       11668.0      0.98277900
  0.8571180       11667.0      0.98216600
  0.8571920       11666.0      0.98157400
  0.8572650       11665.0      0.98098300
  0.8573390       11664.0      0.98039000
  0.8574120       11663.0      0.97980000
  0.8574860       11662.0      0.97921400
  0.8575590       11661.0      0.97863700
  0.8576330       11660.0      0.97807100
  0.8577060       11659.0      0.97751900
  0.8577800       11658.0      0.97698500
  0.8578540       11657.0      0.97647100
  0.8579270       11656.0      0.97598100
  0.8580010       11655.0      0.97551800
  0.8580740       11654.0      0.97513100
  0.8581480       11653.0      0.97476100
  0.8582220       11652.0      0.97439900
  0.8582950       11651.0      0.97404500
  0.8583690       11650.0      0.97369900
  0.8584430       11649.0      0.97336000
  0.8585160       11648.0      0.97302900
  0.8585900       11647.0      0.97270400
  0.8586640       11646.0      0.97238600
  0.8587380       11645.0      0.97207400
  0.8588110       11644.0      0.97176800
  0.8588850       11643.0      0.97146800
  0.8589590       11642.0      0.97118400
  0.8590330       11641.0      0.97091000
  0.8591070       11640.0      0.97061900
  0.8591800       11639.0      0.97031400
  0.8592540       11638.0      0.97000400
  0.8593280       11637.0      0.96969600
  0.8594020       11636.0      0.96939600
  0.8594760       11635.0      0.96911400
  0.8595500       11634.0      0.96885600
  0.8596230       11633.0      0.96862900
  0.8596970       11632.0      0.96844200
  0.8597710       11631.0      0.96830100
  0.8598450       11630.0      0.96820400
  0.8599190       11629.0      0.96812600
  0.8599930       11628.0      0.96804000
  0.8600670       11627.0      0.96794000
  0.8601410       11626.0      0.96784300
  0.8602150       11625.0      0.96774500
  0.8602890       11624.0      0.96764100
  0.8603630       11623.0      0.96752300
  0.8604370       11622.0      0.96738800
  0.8605110       11621.0      0.96723000
  0.8605850       11620.0      0.96704300
  0.8606590       11619.0      0.96680500
  0.8607330       11618.0      0.96638700
  0.8608070       11617.0      0.96581900
  0.8608820       11616.0      0.96516700
  0.8609560       11615.0      0.96449900
  0.8610300       11614.0      0.96386800
  0.8611040       11613.0      0.96318000
  0.8611780       11612.0      0.96243900
  0.8612520       11611.0      0.96168400
  0.8613260       11610.0      0.96095500
  0.8614010       11609.0      0.96029100
  0.8614750       11608.0      0.95973200
  0.8615490       11607.0      0.95928800
  0.8616230       11606.0      0.95889600
  0.8616980       11605.0      0.95854300
  0.8617720       11604.0      0.95821800
  0.8618460       11603.0      0.95791500
  0.8619200       11602.0      0.95762300
  0.8619950       11601.0      0.95733400
  0.8620690       11600.0      0.95705000
  0.8621430       11599.0      0.95678000
  0.8622180       11598.0      0.95652200
  0.8622920       11597.0      0.95627400
  0.8623660       11596.0      0.95603200
  0.8624410       11595.0      0.95579700
  0.8625150       11594.0      0.95556900
  0.8625890       11593.0      0.95534700
  0.8626640       11592.0      0.95513000
  0.8627380       11591.0      0.95491600
  0.8628130       11590.0      0.95470300
  0.8628870       11589.0      0.95449200
  0.8629620       11588.0      0.95427900
  0.8630360       11587.0      0.95406700
  0.8631110       11586.0      0.95386500
  0.8631850       11585.0      0.95365500
  0.8632600       11584.0      0.95341800
  0.8633340       11583.0      0.95315100
  0.8634090       11582.0      0.95286100
  0.8634830       11581.0      0.95255400
  0.8635580       11580.0      0.95223300
  0.8636320       11579.0      0.95190400
  0.8637070       11578.0      0.95157200
  0.8637820       11577.0      0.95124200
  0.8638560       11576.0      0.95092000
  0.8639310       11575.0      0.95061000
  0.8640060       11574.0      0.95031600
  0.8640800       11573.0      0.95002500
  0.8641550       11572.0      0.94986900
  0.8642300       11571.0      0.94975400
  0.8643040       11570.0      0.94966300
  0.8643790       11569.0      0.94959000
  0.8644540       11568.0      0.94953000
  0.8645280       11567.0      0.94947500
  0.8646030       11566.0      0.94941900
  0.8646780       11565.0      0.94935700
  0.8647530       11564.0      0.94928100
  0.8648270       11563.0      0.94918600
  0.8649020       11562.0      0.94906400
  0.8649770       11561.0      0.94888900
  0.8650520       11560.0      0.94856500
  0.8651270       11559.0      0.94821500
  0.8652020       11558.0      0.94784000
  0.8652760       11557.0      0.94745000
  0.8653510       11556.0      0.94705100
  0.8654260       11555.0      0.94665300
  0.8655010       11554.0      0.94626400
  0.8655760       11553.0      0.94589200
  0.8656510       11552.0      0.94554600
  0.8657260       11551.0      0.94523400
  0.8658010       11550.0      0.94496400
  0.8658760       11549.0      0.94472400
  0.8659510       11548.0      0.94452000
  0.8660260       11547.0      0.94440700
  0.8661010       11546.0      0.94433600
  0.8661760       11545.0      0.94428100
  0.8662510       11544.0      0.94423700
  0.8663260       11543.0      0.94420000
  0.8664010       11542.0      0.94416700
  0.8664760       11541.0      0.94413200
  0.8665510       11540.0      0.94409100
  0.8666260       11539.0      0.94404000
  0.8667010       11538.0      0.94397700
  0.8667760       11537.0      0.94390600
  0.8668520       11536.0      0.94382400
  0.8669270       11535.0      0.94372900
  0.8670020       11534.0      0.94361600
  0.8670770       11533.0      0.94348100
  0.8671520       11532.0      0.94332000
  0.8672270       11531.0      0.94312900
  0.8673030       11530.0      0.94290800
  0.8673780       11529.0      0.94265500
  0.8674530       11528.0      0.94236700
  0.8675280       11527.0      0.94203900
  0.8676040       11526.0      0.94156600
  0.8676790       11525.0      0.94093700
  0.8677540       11524.0      0.94020300
  0.8678300       11523.0      0.93941500
  0.8679050       11522.0      0.93862400
  0.8679800       11521.0      0.93788100
  0.8680560       11520.0      0.93718000
  0.8681310       11519.0      0.93643200
  0.8682060       11518.0      0.93569500
  0.8682820       11517.0      0.93503400
  0.8683570       11516.0      0.93451400
  0.8684320       11515.0      0.93412100
  0.8685080       11514.0      0.93376600
  0.8685830       11513.0      0.93344500
  0.8686590       11512.0      0.93315400
  0.8687340       11511.0      0.93289100
  0.8688100       11510.0      0.93265200
  0.8688850       11509.0      0.93243500
  0.8689610       11508.0      0.93223600
  0.8690360       11507.0      0.93205400
  0.8691120       11506.0      0.93189400
  0.8691870       11505.0      0.93176200
  0.8692630       11504.0      0.93165500
  0.8693380       11503.0      0.93155000
  0.8694140       11502.0      0.93144800
  0.8694900       11501.0      0.93134900
  0.8695650       11500.0      0.93125700
  0.8696410       11499.0      0.93117400
  0.8697160       11498.0      0.93110100
  0.8697920       11497.0      0.93104000
  0.8698680       11496.0      0.93099500
  0.8699430       11495.0      0.93096700
  0.8700190       11494.0      0.93095700
  0.8700950       11493.0      0.93095900
  0.8701710       11492.0      0.93099900
  0.8702460       11491.0      0.93107600
  0.8703220       11490.0      0.93118200
  0.8703980       11489.0      0.93130800
  0.8704740       11488.0      0.93144400
  0.8705490       11487.0      0.93158300
  0.8706250       11486.0      0.93171600
  0.8707010       11485.0      0.93183200
  0.8707770       11484.0      0.93192400
  0.8708530       11483.0      0.93198300
  0.8709280       11482.0      0.93199800
  0.8710040       11481.0      0.93193400
  0.8710800       11480.0      0.93183300
  0.8711560       11479.0      0.93169300
  0.8712320       11478.0      0.93151800
  0.8713080       11477.0      0.93131600
  0.8713840       11476.0      0.93109200
  0.8714600       11475.0      0.93085100
  0.8715360       11474.0      0.93060000
  0.8716120       11473.0      0.93034400
  0.8716880       11472.0      0.93009000
  0.8717640       11471.0      0.92984300
  0.8718400       11470.0      0.92958500
  0.8719160       11469.0      0.92930600
  0.8719920       11468.0      0.92903200
  0.8720680       11467.0      0.92875400
  0.8721440       11466.0      0.92844100
  0.8722200       11465.0      0.92811400
  0.8722960       11464.0      0.92779500
  0.8723720       11463.0      0.92750300
  0.8724480       11462.0      0.92726200
  0.8725240       11461.0      0.92709200
  0.8726000       11460.0      0.92701300
  0.8726760       11459.0      0.92707100
  0.8727530       11458.0      0.92728600
  0.8728290       11457.0      0.92759600
  0.8729050       11456.0      0.92793300
  0.8729810       11455.0      0.92823200
  0.8730570       11454.0      0.92847800
  0.8731340       11453.0      0.92875000
  0.8732100       11452.0      0.92902400
  0.8732860       11451.0      0.92926800
  0.8733620       11450.0      0.92945500
  0.8734390       11449.0      0.92955300
  0.8735150       11448.0      0.92948900
  0.8735910       11447.0      0.92912000
  0.8736680       11446.0      0.92850000
  0.8737440       11445.0      0.92770000
  0.8738200       11444.0      0.92679100
  0.8738970       11443.0      0.92584100
  0.8739730       11442.0      0.92492400
  0.8740490       11441.0      0.92406200
  0.8741260       11440.0      0.92313400
  0.8742020       11439.0      0.92213200
  0.8742790       11438.0      0.92105900
  0.8743550       11437.0      0.91992100
  0.8744320       11436.0      0.91872900
  0.8745080       11435.0      0.91748200
  0.8745850       11434.0      0.91617900
  0.8746610       11433.0      0.91481500
  0.8747380       11432.0      0.91338800
  0.8748140       11431.0      0.91189600
  0.8748910       11430.0      0.91033500
  0.8749670       11429.0      0.90870400
  0.8750440       11428.0      0.90698500
  0.8751200       11427.0      0.90503700
  0.8751970       11426.0      0.90268800
  0.8752740       11425.0      0.89999100
  0.8753500       11424.0      0.89700000
  0.8754270       11423.0      0.89374900
  0.8755030       11422.0      0.89026700
  0.8755800       11421.0      0.88658600
  0.8756570       11420.0      0.88273700
  0.8757330       11419.0      0.87875200
  0.8758100       11418.0      0.87466100
  0.8758870       11417.0      0.87049700
  0.8759640       11416.0      0.86629000
  0.8760400       11415.0      0.86165900
  0.8761170       11414.0      0.85615200
  0.8761940       11413.0      0.85023000
  0.8762710       11412.0      0.84396800
  0.8763470       11411.0      0.83744100
  0.8764240       11410.0      0.83072200
  0.8765010       11409.0      0.82388700
  0.8765780       11408.0      0.81701000
  0.8766550       11407.0      0.81016600
  0.8767320       11406.0      0.80343000
  0.8768080       11405.0      0.79687700
  0.8768850       11404.0      0.79057100
  0.8769620       11403.0      0.78442300
  0.8770390       11402.0      0.77840400
  0.8771160       11401.0      0.77241200
  0.8771930       11400.0      0.76643400
  0.8772700       11399.0      0.76047600
  0.8773470       11398.0      0.75454400
  0.8774240       11397.0      0.74864500
  0.8775010       11396.0      0.74278500
  0.8775780       11395.0      0.73697000
  0.8776550       11394.0      0.73120700
  0.8777320       11393.0      0.72550300
  0.8778090       11392.0      0.71986200
  0.8778860       11391.0      0.71429300
  0.8779630       11390.0      0.70880100
  0.8780400       11389.0      0.70353800
  0.8781170       11388.0      0.69852300
  0.8781940       11387.0      0.69356900
  0.8782720       11386.0      0.68866900
  0.8783490       11385.0      0.68381900
  0.8784260       11384.0      0.67901200
  0.8785030       11383.0      0.67424200
  0.8785800       11382.0      0.66950300
  0.8786570       11381.0      0.66479000
  0.8787350       11380.0      0.66009700
  0.8788120       11379.0      0.65541700
  0.8788890       11378.0      0.65074400
  0.8789660       11377.0      0.64607300
  0.8790440       11376.0      0.64140800
  0.8791210       11375.0      0.63679000
  0.8791980       11374.0      0.63221500
  0.8792750       11373.0      0.62767300
  0.8793530       11372.0      0.62315600
  0.8794300       11371.0      0.61865500
  0.8795070       11370.0      0.61415900
  0.8795850       11369.0      0.60965900
  0.8796620       11368.0      0.60514600
  0.8797400       11367.0      0.60061100
  0.8798170       11366.0      0.59604400
  0.8798940       11365.0      0.59143500
  0.8799720       11364.0      0.58677600
  0.8800490       11363.0      0.58202700
  0.8801270       11362.0      0.57726400
  0.8802040       11361.0      0.57251300
  0.8802820       11360.0      0.56777000
  0.8803590       11359.0      0.56303000
  0.8804370       11358.0      0.55828800
  0.8805140       11357.0      0.55354200
  0.8805920       11356.0      0.54878500
  0.8806690       11355.0      0.54401400
  0.8807470       11354.0      0.53922300
  0.8808240       11353.0      0.53440900
  0.8809020       11352.0      0.52956800
  0.8809800       11351.0      0.52469400
  0.8810570       11350.0      0.51979000
  0.8811350       11349.0      0.51487400
  0.8812130       11348.0      0.50994400
  0.8812900       11347.0      0.50499700
  0.8813680       11346.0      0.50003100
  0.8814460       11345.0      0.49504500
  0.8815230       11344.0      0.49003500
  0.8816010       11343.0      0.48500000
  0.8816790       11342.0      0.47993700
  0.8817560       11341.0      0.47484300
  0.8818340       11340.0      0.46971800
  0.8819120       11339.0      0.46455700
  0.8819900       11338.0      0.45936000
  0.8820680       11337.0      0.45388000
  0.8821450       11336.0      0.44828400
  0.8822230       11335.0      0.44260800
  0.8823010       11334.0      0.43686400
  0.8823790       11333.0      0.43106300
  0.8824570       11332.0      0.42521700
  0.8825350       11331.0      0.41933800
  0.8826130       11330.0      0.41343700
  0.8826900       11329.0      0.40752500
  0.8827680       11328.0      0.40161600
  0.8828460       11327.0      0.39571900
  0.8829240       11326.0      0.38984800
  0.8830020       11325.0      0.38401400
  0.8830800       11324.0      0.37818300
  0.8831580       11323.0      0.37232900
  0.8832360       11322.0      0.36646800
  0.8833140       11321.0      0.36061700
  0.8833920       11320.0      0.35479100
  0.8834700       11319.0      0.34900700
  0.8835480       11318.0      0.34328100
  0.8836260       11317.0      0.33759600
  0.8837040       11316.0      0.33194200
  0.8837830       11315.0      0.32632600
  0.8838610       11314.0      0.32075500
  0.8839390       11313.0      0.31523400
  0.8840170       11312.0      0.30977000
  0.8840950       11311.0      0.30433100
  0.8841730       11310.0      0.29890300
  0.8842510       11309.0      0.29349200
  0.8843300       11308.0      0.28810400
  0.8844080       11307.0      0.28274300
  0.8844860       11306.0      0.27741600
  0.8845640       11305.0      0.27212700
  0.8846430       11304.0      0.26688100
  0.8847210       11303.0      0.26168500
  0.8847990       11302.0      0.25654300
  0.8848770       11301.0      0.25146100
  0.8849560       11300.0      0.24644300
  0.8850340       11299.0      0.24161000
  0.8851120       11298.0      0.23688200
  0.8851910       11297.0      0.23215200
  0.8852690       11296.0      0.22742900
  0.8853470       11295.0      0.22272200
  0.8854260       11294.0      0.21804300
  0.8855040       11293.0      0.21340000
  0.8855830       11292.0      0.20880300
  0.8856610       11291.0      0.20426200
  0.8857400       11290.0      0.19978600
  0.8858180       11289.0      0.19538700
  0.8858970       11288.0      0.19107300
  0.8859750       11287.0      0.18685500
  0.8860540       11286.0      0.18273700
  0.8861320       11285.0      0.17871400
  0.8862110       11284.0      0.17478900
  0.8862890       11283.0      0.17096700
  0.8863680       11282.0      0.16725300
  0.8864460       11281.0      0.16365200
  0.8865250       11280.0      0.16014900
  0.8866030       11279.0      0.15672700
  0.8866820       11278.0      0.15338400
  0.8867610       11277.0      0.15011700
  0.8868390       11276.0      0.14692300
  0.8869180       11275.0      0.14380000
  0.8869970       11274.0      0.14074500
  0.8870750       11273.0      0.13775400
  0.8871540       11272.0      0.13482100
  0.8872330       11271.0      0.13194100
  0.8873110       11270.0      0.12910900
  0.8873900       11269.0      0.12632100
  0.8874690       11268.0      0.12357100
  0.8875480       11267.0      0.12085400
  0.8876260       11266.0      0.11816600
  0.8877050       11265.0      0.11550100
  0.8877840       11264.0      0.11285500
  0.8878630       11263.0      0.11022200
  0.8879420       11262.0      0.10761600
  0.8880210       11261.0      0.10512700
  0.8880990       11260.0      0.10270300
  0.8881780       11259.0      0.10030900
  0.8882570       11258.0      0.09794200
  0.8883360       11257.0      0.09560200
  0.8884150       11256.0      0.09328500
  0.8884940       11255.0      0.09099000
  0.8885730       11254.0      0.08871500
  0.8886520       11253.0      0.08645800
  0.8887310       11252.0      0.08421700
  0.8888100       11251.0      0.08199100
  0.8888890       11250.0      0.07977600
  0.8889680       11249.0      0.07757200
  0.8890470       11248.0      0.07538700
  0.8891260       11247.0      0.07325400
  0.8892050       11246.0      0.07114100
  0.8892840       11245.0      0.06900600
  0.8893630       11244.0      0.06685000
  0.8894420       11243.0      0.06468700
  0.8895210       11242.0      0.06252800
  0.8896010       11241.0      0.06038800
  0.8896800       11240.0      0.05828000
  0.8897590       11239.0      0.05621600
  0.8898380       11238.0      0.05420900
  0.8899170       11237.0      0.05227300
  0.8899960       11236.0      0.05042100
  0.8900760       11235.0      0.04866600
  0.8901550       11234.0      0.04703900
  0.8902340       11233.0      0.04555700
  0.8903130       11232.0      0.04413800
  0.8903930       11231.0      0.04276800
  0.8904720       11230.0      0.04144300
  0.8905510       11229.0      0.04015800
  0.8906310       11228.0      0.03890900
  0.8907100       11227.0      0.03769300
  0.8907890       11226.0      0.03650400
  0.8908690       11225.0      0.03533900
  0.8909480       11224.0      0.03419300
  0.8910270       11223.0      0.03306700
  0.8911070       11222.0      0.03200100
  0.8911860       11221.0      0.03098200
  0.8912660       11220.0      0.02997100
  0.8913450       11219.0      0.02895400
  0.8914240       11218.0      0.02793900
  0.8915040       11217.0      0.02693300
  0.8915830       11216.0      0.02594300
  0.8916630       11215.0      0.02497900
  0.8917420       11214.0      0.02404600
  0.8918220       11213.0      0.02315400
  0.8919020       11212.0      0.02230900
  0.8919810       11211.0      0.02152000
  0.8920610       11210.0      0.02079300
  0.8921400       11209.0      0.02014100
  0.8922200       11208.0      0.01957900
  0.8922990       11207.0      0.01906100
  0.8923790       11206.0      0.01857000
  0.8924590       11205.0      0.01810400
  0.8925380       11204.0      0.01765900
  0.8926180       11203.0      0.01723400
  0.8926980       11202.0      0.01682500
  0.8927770       11201.0      0.01643000
  0.8928570       11200.0      0.01604600
  0.8929370       11199.0      0.01567200
  0.8930170       11198.0      0.01530400
  0.8930960       11197.0      0.01495900
  0.8931760       11196.0      0.01463700
  0.8932560       11195.0      0.01432900
  0.8933360       11194.0      0.01402700
  0.8934160       11193.0      0.01373100
  0.8934950       11192.0      0.01344100
  0.8935750       11191.0      0.01315600
  0.8936550       11190.0      0.01287800
  0.8937350       11189.0      0.01260600
  0.8938150       11188.0      0.01233900
  0.8938950       11187.0      0.01207900
  0.8939750       11186.0      0.01182500
  0.8940550       11185.0      0.01157800
  0.8941340       11184.0      0.01134400
  0.8942140       11183.0      0.01112400
  0.8942940       11182.0      0.01091100
  0.8943740       11181.0      0.01070400
  0.8944540       11180.0      0.01050100
  0.8945340       11179.0      0.01030300
  0.8946140       11178.0      0.01010800
  0.8946940       11177.0      0.00991500
  0.8947750       11176.0      0.00972500
  0.8948550       11175.0      0.00953600
  0.8949350       11174.0      0.00934800
  0.8950150       11173.0      0.00916000
  0.8950950       11172.0      0.00897700
  0.8951750       11171.0      0.00879500
  0.8952550       11170.0      0.00860300
  0.8953350       11169.0      0.00839800
  0.8954150       11168.0      0.00818300
  0.8954960       11167.0      0.00796300
  0.8955760       11166.0      0.00774400
  0.8956560       11165.0      0.00753000
  0.8957360       11164.0      0.00732600
  0.8958170       11163.0      0.00713700
  0.8958970       11162.0      0.00696900
  0.8959770       11161.0      0.00682500
  0.8960570       11160.0      0.00670600
  0.8961380       11159.0      0.00660600
  0.8962180       11158.0      0.00654300
  0.8962980       11157.0      0.00649800
  0.8963790       11156.0      0.00646000
  0.8964590       11155.0      0.00642900
  0.8965390       11154.0      0.00640200
  0.8966200       11153.0      0.00637800
  0.8967000       11152.0      0.00635500
  0.8967810       11151.0      0.00633000
  0.8968610       11150.0      0.00630400
  0.8969410       11149.0      0.00627300
  0.8970220       11148.0      0.00623600
  0.8971020       11147.0      0.00619700
  0.8971830       11146.0      0.00614500
  0.8972630       11145.0      0.00605100
  0.8973440       11144.0      0.00590500
  0.8974240       11143.0      0.00571500
  0.8975050       11142.0      0.00549200
  0.8975850       11141.0      0.00524400
  0.8976660       11140.0      0.00498200
  0.8977470       11139.0      0.00471600
  0.8978270       11138.0      0.00445500
  0.8979080       11137.0      0.00421000
  0.8979890       11136.0      0.00399000
  0.8980690       11135.0      0.00378900
  0.8981500       11134.0      0.00360000
  0.8982300       11133.0      0.00343900
  0.8983110       11132.0      0.00328200
  0.8983920       11131.0      0.00312800
  0.8984730       11130.0      0.00297800
  0.8985530       11129.0      0.00283600
  0.8986340       11128.0      0.00270200
  0.8987150       11127.0      0.00258000
  0.8987960       11126.0      0.00247000
  0.8988760       11125.0      0.00237600
  0.8989570       11124.0      0.00229900
  0.8990380       11123.0      0.00223900
  0.8991190       11122.0      0.00219400
  0.8992000       11121.0      0.00216900
  0.8992810       11120.0      0.00215300
  0.8993610       11119.0      0.00214000
  0.8994420       11118.0      0.00213000
  0.8995230       11117.0      0.00212100
  0.8996040       11116.0      0.00211400
  0.8996850       11115.0      0.00210700
  0.8997660       11114.0      0.00210000
  0.8998470       11113.0      0.00209200
  0.8999280       11112.0      0.00208300
  0.9000090       11111.0      0.00207100
  0.9000900       11110.0      0.00205900
  0.9001710       11109.0      0.00204300
  0.9002520       11108.0      0.00201100
  0.9003330       11107.0      0.00196200
  0.9004140       11106.0      0.00190100
  0.9004950       11105.0      0.00183000
  0.9005760       11104.0      0.00175400
  0.9006570       11103.0      0.00167700
  0.9007390       11102.0      0.00160300
  0.9008200       11101.0      0.00153600
  0.9009010       11100.0      0.00147900
  0.9009820       11099.0      0.00143800
  0.9010630       11098.0      0.00140900
  0.9011440       11097.0      0.00139100
  0.9012260       11096.0      0.00141200
  0.9013070       11095.0      0.00148500
  0.9013880       11094.0      0.00160100
  0.9014690       11093.0      0.00174900
  0.9015510       11092.0      0.00191700
  0.9016320       11091.0      0.00209500
  0.9017130       11090.0      0.00227100
  0.9017950       11089.0      0.00243500
  0.9018760       11088.0      0.00257600
  0.9019570       11087.0      0.00268200
  0.9020390       11086.0      0.00275000
  0.9021200       11085.0      0.00279800
  0.9022010       11084.0      0.00279500
  0.9022830       11083.0      0.00275100
  0.9023640       11082.0      0.00267500
  0.9024460       11081.0      0.00257300
  0.9025270       11080.0      0.00245200
  0.9026090       11079.0      0.00231700
  0.9026900       11078.0      0.00217400
  0.9027720       11077.0      0.00203100
  0.9028530       11076.0      0.00189300
  0.9029350       11075.0      0.00176600
  0.9030160       11074.0      0.00166000
  0.9030980       11073.0      0.00155000
  0.9031790       11072.0      0.00147000
  0.9032610       11071.0      0.00139000
  0.9033420       11070.0      0.00132000
  0.9034240       11069.0      0.00125000
  0.9035060       11068.0      0.00119000
  0.9035870       11067.0      0.00113000
  0.9036690       11066.0      0.00107100
  0.9037510       11065.0      0.00101300
