# wavelength_um solar_response_weight_W_m2_at_1au
0.442067000 2.36494114081984293e-05
0.442087000 4.57852417098183892e-05
0.442106000 4.38083564866877150e-05
0.442126000 4.79352276304266753e-05
0.442145000 4.42004253542619820e-05
0.442165000 4.59562812591999631e-05
0.442184000 4.74720243073008981e-05
0.442204000 5.17513056091033853e-05
0.442223000 5.31669087008644452e-05
0.442243000 5.19045413521384807e-05
0.442263000 4.86010579262418106e-05
0.442282000 4.54329878540203809e-05
0.442302000 4.83972888907304610e-05
0.442321000 4.32777234435757896e-05
0.442341000 5.39144424899473313e-05
0.442360000 5.02695242697865423e-05
0.442380000 3.34064059623475785e-05
0.442400000 5.18381185310762106e-05
0.442419000 5.02088838781890347e-05
0.442439000 4.48025714342303199e-05
0.442458000 5.88038778115660023e-05
0.442478000 7.03986141511156368e-05
0.442497000 6.25737052938742734e-05
0.442517000 6.08249893828513886e-05
0.442537000 6.07739857023430538e-05
0.442556000 5.95836320661687814e-05
0.442576000 6.90307359325851032e-05
0.442595000 7.29469214588956933e-05
0.442615000 8.07130992327293855e-05
0.442635000 7.98667620321267418e-05
0.442654000 6.26156654493656781e-05
0.442674000 4.12694277492430160e-05
0.442693000 6.47353846335509440e-05
0.442713000 7.60822631757704365e-05
0.442733000 7.53541905747868242e-05
0.442752000 8.88617387052143503e-05
0.442772000 8.78776986184861940e-05
0.442791000 9.21222607820491093e-05
0.442811000 9.74646307108164331e-05
0.442831000 6.80182003994774198e-05
0.442850000 4.05964422288527217e-05
0.442870000 7.13689540687959293e-05
0.442889000 1.00100697784702571e-04
0.442909000 1.02869426159825237e-04
0.442929000 1.05033180738730902e-04
0.442948000 1.08619216393473803e-04
0.442968000 1.02039159292205596e-04
0.442988000 9.70719288360228993e-05
0.443007000 1.16181518142307073e-04
0.443027000 1.19867052235512285e-04
0.443046000 1.11315531921438740e-04
0.443066000 1.25824083105167218e-04
0.443086000 1.28473304346613573e-04
0.443105000 1.11580153954093098e-04
0.443125000 9.59388800117245310e-05
0.443145000 8.65811736277822668e-05
0.443164000 1.05261725905232660e-04
0.443184000 6.95363955653807502e-05
0.443203000 1.08915512160005239e-04
0.443223000 1.38823064218833778e-04
0.443243000 1.41226296267533855e-04
0.443262000 1.29893766401208133e-04
0.443282000 1.54831191272332901e-04
0.443302000 1.38774961679507549e-04
0.443321000 1.42579688373499958e-04
0.443341000 1.38557981192048463e-04
0.443361000 1.67385504944208907e-04
0.443380000 1.36277934581174192e-04
0.443400000 1.75136635371126045e-04
0.443420000 1.75893182032698910e-04
0.443439000 1.22409435361478611e-04
0.443459000 1.40433955364385477e-04
0.443479000 1.80782803459912661e-04
0.443498000 1.37087520842329915e-04
0.443518000 1.46627438346555726e-04
0.443538000 1.88522590725368898e-04
0.443557000 1.76967923532770456e-04
0.443577000 1.87028456530637810e-04
0.443597000 1.83007108022204630e-04
0.443616000 9.20732305248496408e-05
0.443636000 9.95759584169187529e-05
0.443656000 1.77894115374911828e-04
0.443675000 1.77704071438017900e-04
0.443695000 1.20467633036444076e-04
0.443715000 2.17466104070559226e-04
0.443734000 2.02915194666920975e-04
0.443754000 1.76221692084431978e-04
0.443774000 2.25122997590884347e-04
0.443794000 2.40015600221765978e-04
0.443813000 1.86499013376487707e-04
0.443833000 2.36729429048450091e-04
0.443853000 2.73970999963003413e-04
0.443872000 2.57463645184271878e-04
0.443892000 2.47605922533848655e-04
0.443912000 2.48274721777346104e-04
0.443931000 2.90245279014842057e-04
0.443951000 2.52779805213743894e-04
0.443971000 2.73689009888954755e-04
0.443991000 3.02144727822264709e-04
0.444010000 3.19532260635444626e-04
0.444030000 3.13070939549307857e-04
0.444050000 3.00442556146646633e-04
0.444069000 3.28699840564598399e-04
0.444089000 3.23347835143766730e-04
0.444109000 2.88989971938208214e-04
0.444129000 3.35691966663664474e-04
0.444148000 3.38606148472266034e-04
0.444168000 2.87837462007413977e-04
0.444188000 3.38943396668509207e-04
0.444208000 2.94168547290498490e-04
0.444227000 3.03655649058162094e-04
0.444247000 3.72334250575310707e-04
0.444267000 3.74563858855127003e-04
0.444286000 3.02031491966837625e-04
0.444306000 3.35007504723931933e-04
0.444326000 4.23075561129644781e-04
0.444346000 2.88866295899118612e-04
0.444365000 2.01910885070323044e-04
0.444385000 4.25234959689442093e-04
0.444405000 3.45433835110450327e-04
0.444425000 3.65888375899859936e-04
0.444444000 2.67967764594984146e-04
0.444464000 4.61187700535240766e-04
0.444484000 4.69568258224695655e-04
0.444504000 2.42536093888797029e-04
0.444523000 4.36694682571318264e-04
0.444543000 4.52538988255065668e-04
0.444563000 4.90983963671554296e-04
0.444583000 4.10905006271434364e-04
0.444603000 5.36156580034964918e-04
0.444622000 5.62257185777838894e-04
0.444642000 5.87192840575942996e-04
0.444662000 5.39530301512809599e-04
0.444682000 5.23764983642041105e-04
0.444701000 5.79404687304085333e-04
0.444721000 6.30298650754093138e-04
0.444741000 6.37774462690806915e-04
0.444761000 6.24021311771807692e-04
0.444781000 6.41245189008170149e-04
0.444800000 5.28980199963278649e-04
0.444820000 5.31496450801063479e-04
0.444840000 5.06125429226227108e-04
0.444860000 6.50614791234334876e-04
0.444879000 5.81927737824802218e-04
0.444899000 3.17094207058445066e-04
0.444919000 6.58802915331502866e-04
0.444939000 7.57630125555005108e-04
0.444959000 7.55380503269206848e-04
0.444978000 7.93068211108060249e-04
0.444998000 8.32429720610289737e-04
0.445018000 7.96561694942646281e-04
0.445038000 6.39580748860654421e-04
0.445058000 7.64896835513941280e-04
0.445077000 8.32655750797242698e-04
0.445097000 9.04851829196937811e-04
0.445117000 9.30046114417320256e-04
0.445137000 9.15982512988840073e-04
0.445157000 6.60870167199154729e-04
0.445177000 6.22677002904620204e-04
0.445196000 8.58875438928689882e-04
0.445216000 7.96533592846170035e-04
0.445236000 1.08640837126892172e-03
0.445256000 1.12650350530759898e-03
0.445276000 8.05715317589079092e-04
0.445295000 9.07647779388777833e-04
0.445315000 1.12314000486997217e-03
0.445335000 1.13409173841134015e-03
0.445355000 1.26120041162033859e-03
0.445375000 1.18673497231450392e-03
0.445395000 1.08249070357304506e-03
0.445414000 1.06624090336180114e-03
0.445434000 1.13598215584648763e-03
0.445454000 1.01924709877894730e-03
0.445474000 1.28548682815617793e-03
0.445494000 1.16196685309714496e-03
0.445514000 1.39725774705939357e-03
0.445534000 1.45147414106939045e-03
0.445553000 1.13505092627368869e-03
0.445573000 1.01269670272420022e-03
0.445593000 7.14225480909670132e-04
0.445613000 6.45684292738823193e-04
0.445633000 1.04234731313282468e-03
0.445653000 1.09233659946977564e-03
0.445673000 1.49071517621295188e-03
0.445692000 1.49139845569586744e-03
0.445712000 7.81728881195985952e-04
0.445732000 1.50974692125711895e-03
0.445752000 1.44962107555931803e-03
0.445772000 1.41559808188937235e-03
0.445792000 1.36655814856294594e-03
0.445812000 1.81648279804722890e-03
0.445831000 1.54441536737042482e-03
0.445851000 1.85745786904804432e-03
0.445871000 1.06807104836580255e-03
0.445891000 1.70525253983846796e-03
0.445911000 2.01176775971196155e-03
0.445931000 1.48378376048617666e-03
0.445951000 1.41306398225498654e-03
0.445971000 1.81528746820237429e-03
0.445991000 1.97151811695933134e-03
0.446010000 2.00651281572604900e-03
0.446030000 9.05173639430968680e-04
0.446050000 1.27660637285580982e-03
0.446070000 1.92862911109056997e-03
0.446090000 2.10451021261922298e-03
0.446110000 2.13752054769742903e-03
0.446130000 2.47788242388555322e-03
0.446150000 1.63321557599355746e-03
0.446170000 2.23683390220955763e-03
0.446190000 2.61290556664370375e-03
0.446209000 2.58404077372363563e-03
0.446229000 1.99975146717240463e-03
0.446249000 1.87417780651713637e-03
0.446269000 2.16470078566191907e-03
0.446289000 1.46032955569718316e-03
0.446309000 2.18934549320264115e-03
0.446329000 1.60841664856169577e-03
0.446349000 2.48219281528692633e-03
0.446369000 2.11435466384331510e-03
0.446389000 2.91997773456074668e-03
0.446409000 3.03838078988089141e-03
0.446429000 2.98683417047172382e-03
0.446449000 2.93718522394986097e-03
0.446468000 2.62195271073232226e-03
0.446488000 3.42679119636863814e-03
0.446508000 3.66945318330025956e-03
0.446528000 3.73084590850303408e-03
0.446548000 3.66863688500897005e-03
0.446568000 2.58364566726266122e-03
0.446588000 2.31293989442936908e-03
0.446608000 2.60107631185718842e-03
0.446628000 3.53075277414107705e-03
0.446648000 3.51541540766283495e-03
0.446668000 3.79242642084537266e-03
0.446688000 4.06042081571424476e-03
0.446708000 3.59083241097782379e-03
0.446728000 4.26148402201447819e-03
0.446748000 4.13476244514606687e-03
0.446768000 2.87663368047754841e-03
0.446788000 2.46647360837172133e-03
0.446808000 3.59892470379324404e-03
0.446828000 3.74992448142335731e-03
0.446847000 4.43766176795957427e-03
0.446867000 4.46597570145859570e-03
0.446887000 4.58661405943735102e-03
0.446907000 4.60219618997548437e-03
0.446927000 4.74965394057443122e-03
0.446947000 4.82817717094789333e-03
0.446967000 3.05657439594371905e-03
0.446987000 3.60286520669028058e-03
0.447007000 5.11347529239542659e-03
0.447027000 4.81042755714677309e-03
0.447047000 3.56676715787000850e-03
0.447067000 2.82481822644464623e-03
0.447087000 4.24931517794921183e-03
0.447107000 5.18521368340496818e-03
0.447127000 4.92972092901686719e-03
0.447147000 4.80218412795951292e-03
0.447167000 4.25395765654683171e-03
0.447187000 4.97102654703580286e-03
0.447207000 4.46938173782478708e-03
0.447227000 5.65106175291358800e-03
0.447247000 5.08421304638951958e-03
0.447267000 5.75573093000908854e-03
0.447287000 5.42261614560142057e-03
0.447307000 5.86886167797871523e-03
0.447327000 6.38551961172389212e-03
0.447347000 6.54940417084808567e-03
0.447367000 6.61213973022935220e-03
0.447387000 5.65979807090487806e-03
0.447407000 3.88173889811489715e-03
0.447427000 5.70074966530789966e-03
0.447447000 6.94811975853310958e-03
0.447467000 7.15187658618924270e-03
0.447487000 7.05123576711578961e-03
0.447507000 6.97729518710093338e-03
0.447527000 7.20672498669734912e-03
0.447547000 7.30968913804824413e-03
0.447567000 7.32775543471375808e-03
0.447588000 7.14223352629694483e-03
0.447608000 6.55834994575581719e-03
0.447628000 7.51168943895775664e-03
0.447648000 7.47836166074996450e-03
0.447668000 7.73730087624582060e-03
0.447688000 8.04147723739689901e-03
0.447708000 7.37135911354808767e-03
0.447728000 3.41205725790977863e-03
0.447748000 6.59157199327782724e-03
0.447768000 8.38781649353273484e-03
0.447788000 8.69118344750613447e-03
0.447808000 8.78377082313826392e-03
0.447828000 8.60976686036592220e-03
0.447848000 8.79208505742191775e-03
0.447868000 8.87251671778409821e-03
0.447888000 9.14001041419752400e-03
0.447908000 9.40242334688669475e-03
0.447928000 8.67407389781532298e-03
0.447948000 9.21421479109391268e-03
0.447968000 9.48720398662142132e-03
0.447989000 9.55594320589039058e-03
0.448009000 9.73101441399135646e-03
0.448029000 9.99837119763983054e-03
0.448049000 9.93919670044286253e-03
0.448069000 8.99143907799817253e-03
0.448089000 6.97231090759526956e-03
0.448109000 9.08074529362374976e-03
0.448129000 7.27413313325401580e-03
0.448149000 7.57038367822795641e-03
0.448169000 9.89181279932245354e-03
0.448189000 9.10048073895150696e-03
0.448209000 9.28732340489551653e-03
0.448229000 8.75702602309411972e-03
0.448250000 6.29406179285606649e-03
0.448270000 8.84404343682432606e-03
0.448290000 8.96546218982516643e-03
0.448310000 1.15066438908392708e-02
0.448330000 9.07194987585527302e-03
0.448350000 4.08783270673179766e-03
0.448370000 1.03603003634796208e-02
0.448390000 9.58137385346475787e-03
0.448410000 9.14999313364388625e-03
0.448430000 1.25768373173978532e-02
0.448451000 1.30870598348529817e-02
0.448471000 1.28306002298519961e-02
0.448491000 1.26438123497437660e-02
0.448511000 1.17962551270862446e-02
0.448531000 1.17482240873465881e-02
0.448551000 8.41574180316200481e-03
0.448571000 1.29768154733204220e-02
0.448591000 1.39357315606433198e-02
0.448612000 1.43211886692000481e-02
0.448632000 1.40369117984419350e-02
0.448652000 1.41616119968385537e-02
0.448672000 1.36515776528496908e-02
0.448692000 9.74149283151709913e-03
0.448712000 1.30667092453758717e-02
0.448732000 1.39274218974500853e-02
0.448752000 1.50509578208241623e-02
0.448773000 1.53077278749663911e-02
0.448793000 1.49130399208032196e-02
0.448813000 1.42038949446107211e-02
0.448833000 1.46022371125988371e-02
0.448853000 1.42717532598244413e-02
0.448873000 1.49102858596070684e-02
0.448893000 1.51047569488795743e-02
0.448914000 1.51495319996662603e-02
0.448934000 1.18756121163312682e-02
0.448954000 1.17439575863026377e-02
0.448974000 1.52702232084913365e-02
0.448994000 1.63189202038587951e-02
0.449014000 1.32306527153197764e-02
0.449035000 1.10237402595710545e-02
0.449055000 1.37373673583019631e-02
0.449075000 1.53663043163631049e-02
0.449095000 1.11485614659078188e-02
0.449115000 1.39120697606483368e-02
0.449135000 1.18080743555838575e-02
0.449156000 1.69774989087868068e-02
0.449176000 1.55914341999360048e-02
0.449196000 1.20155230500989061e-02
0.449216000 1.45668167306966800e-02
0.449236000 1.76930280927205426e-02
0.449256000 1.50720602726053914e-02
0.449277000 1.41839494128929468e-02
0.449297000 1.62842329546323793e-02
0.449317000 1.74882708984175350e-02
0.449337000 1.80790902347063853e-02
0.449357000 1.68166176302927649e-02
0.449378000 1.74674761628865020e-02
0.449398000 1.57967892241651191e-02
0.449418000 1.88635134114680802e-02
0.449438000 1.90266151545432950e-02
0.449458000 1.87742320332491171e-02
0.449479000 1.66904125185558250e-02
0.449499000 1.83556593941328478e-02
0.449519000 1.58499391407783685e-02
0.449539000 1.54038695107175886e-02
0.449559000 1.59899543621711236e-02
0.449580000 8.27140821144644635e-03
0.449600000 1.48027322552248212e-02
0.449620000 1.83929581004569007e-02
0.449640000 1.94753267714921525e-02
0.449661000 1.79832700077813476e-02
0.449681000 1.66504392311636294e-02
0.449701000 1.92701718454089607e-02
0.449721000 1.57333048206282043e-02
0.449741000 1.58538156769488757e-02
0.449762000 1.98233024376032706e-02
0.449782000 1.97144570790934830e-02
0.449802000 1.56203501442917034e-02
0.449822000 1.39044514234313767e-02
0.449843000 2.12356393108435425e-02
0.449863000 2.10636083418497058e-02
0.449883000 1.94707691913434434e-02
0.449903000 1.95752700695261822e-02
0.449924000 2.15095235056726765e-02
0.449944000 2.11717713324556141e-02
0.449964000 2.13286196516872563e-02
0.449984000 2.09004457568952133e-02
0.450005000 1.75133230311370243e-02
0.450025000 1.68941459325445860e-02
0.450045000 1.79114605715295430e-02
0.450065000 2.23678086834931469e-02
0.450086000 2.28533755537698169e-02
0.450106000 2.25183567085014760e-02
0.450126000 2.25423056678669027e-02
0.450146000 2.01924815840502335e-02
0.450167000 2.04178499613152271e-02
0.450187000 2.13874802475216945e-02
0.450207000 2.24676264629158663e-02
0.450227000 2.08705359481578742e-02
0.450248000 1.25144763421895441e-02
0.450268000 1.75663529206350477e-02
0.450288000 2.10765147137331015e-02
0.450308000 2.09026435740647352e-02
0.450329000 2.23248557493565328e-02
0.450349000 1.75614469472117722e-02
0.450369000 2.22472549316029382e-02
0.450390000 2.17362946782250904e-02
0.450410000 2.38664493944753565e-02
0.450430000 2.37960288865456948e-02
0.450450000 2.41603893841075834e-02
0.450471000 2.47549196168425148e-02
0.450491000 2.37329261016290816e-02
0.450511000 2.34294545101340658e-02
0.450532000 2.51436937884135167e-02
0.450552000 2.46247585173804372e-02
0.450572000 2.53922974310300739e-02
0.450593000 2.33340134906214781e-02
0.450613000 2.00240151697673729e-02
0.450633000 2.44096875487517552e-02
0.450653000 2.50513868302778969e-02
0.450674000 2.55644977452836250e-02
0.450694000 2.47082353685498905e-02
0.450714000 2.53344878741710682e-02
0.450735000 2.53385057643205243e-02
0.450755000 2.40324270720843891e-02
0.450775000 2.51065391939730709e-02
0.450796000 2.39712196575914971e-02
0.450816000 2.41444000226248220e-02
0.450836000 2.54279971091372244e-02
0.450857000 2.49245599681737900e-02
0.450877000 2.53417780989099728e-02
0.450897000 2.59558054600428564e-02
0.450918000 2.53620375158585126e-02
0.450938000 2.30657404865646683e-02
0.450958000 1.80240185237681705e-02
0.450979000 2.58754357702637577e-02
0.450999000 2.45675852341973554e-02
0.451019000 2.69683077943817621e-02
0.451040000 2.62929812950063735e-02
0.451060000 2.37761840288623523e-02
0.451080000 2.54418211041118822e-02
0.451101000 2.25552587238124352e-02
0.451121000 2.59425998815904398e-02
0.451141000 2.70435259760035476e-02
0.451162000 2.74610890454658439e-02
0.451182000 2.69318735183232058e-02
0.451202000 2.66251344000352115e-02
0.451223000 2.62354673232784059e-02
0.451243000 2.57585124667226925e-02
0.451264000 2.71175443871355636e-02
0.451284000 2.59984113563954053e-02
0.451304000 2.49203440004364327e-02
0.451325000 2.43510523854974618e-02
0.451345000 2.50554167320118752e-02
0.451365000 2.62646839580303951e-02
0.451386000 2.49456607873079252e-02
0.451406000 2.10240111920953938e-02
0.451427000 2.53557625739723839e-02
0.451447000 2.65251125783816308e-02
0.451467000 2.55280778561996526e-02
0.451488000 2.60514505780468884e-02
0.451508000 2.57098222844852967e-02
0.451528000 2.59793962076979683e-02
0.451549000 2.06334778769143717e-02
0.451569000 1.95054730423827663e-02
0.451590000 2.57096036191425022e-02
0.451610000 2.68396030742393543e-02
0.451630000 2.65809815354106777e-02
0.451651000 2.05598171081318865e-02
0.451671000 2.11482034650852940e-02
0.451692000 2.71566945205260410e-02
0.451712000 2.68845446388440538e-02
0.451732000 2.78674635749188958e-02
0.451753000 2.65801661526273748e-02
0.451773000 2.73686543703688841e-02
0.451794000 2.64531442332299402e-02
0.451814000 2.70263223227741704e-02
0.451834000 2.48385864702449603e-02
0.451855000 2.64616356714994228e-02
0.451875000 2.09719557117152011e-02
0.451896000 2.50849300193067941e-02
0.451916000 2.44388879556811656e-02
0.451937000 2.19052097920735267e-02
0.451957000 2.21068670696963135e-02
0.451977000 2.44469498843304864e-02
0.451998000 2.58924563493291987e-02
0.452018000 2.85920405724897492e-02
0.452039000 2.87340510962180058e-02
0.452059000 2.87308673146155838e-02
0.452080000 2.85347012624846373e-02
0.452100000 2.76351394526451605e-02
0.452120000 2.49564002169715346e-02
0.452141000 2.07727288223435516e-02
0.452161000 2.37318998823057570e-02
0.452182000 2.77688204686623481e-02
0.452202000 2.86216159954840385e-02
0.452223000 2.85068731804428814e-02
0.452243000 2.76968394887094384e-02
0.452264000 2.91957465148632786e-02
0.452284000 2.86030905373693446e-02
0.452304000 2.88253228017602420e-02
0.452325000 2.86523731898936200e-02
0.452345000 2.89092116546776148e-02
0.452366000 2.63572938142232586e-02
0.452386000 1.58858840938435573e-02
0.452407000 1.74934707235732366e-02
0.452427000 2.69425885802087421e-02
0.452448000 2.79093781319426359e-02
0.452468000 2.41717573019246332e-02
0.452489000 2.88539033569045478e-02
0.452509000 2.85431870216335155e-02
0.452530000 2.82199530421686495e-02
0.452550000 2.85657232443926844e-02
0.452571000 2.96377099119144762e-02
0.452591000 2.67250599548163707e-02
0.452612000 2.44065808488822950e-02
0.452632000 1.77116014495115534e-02
0.452653000 2.09054370094090107e-02
0.452673000 2.88735792019904694e-02
0.452694000 2.92455112382310201e-02
0.452714000 2.69632961184321472e-02
0.452735000 2.70444984361222253e-02
0.452755000 2.46814590106501155e-02
0.452776000 1.46796478546518620e-02
0.452796000 2.56002730769173230e-02
0.452817000 1.97581517799955246e-02
0.452837000 2.63544916666741055e-02
0.452858000 1.90527868975363598e-02
0.452878000 2.55156049615766316e-02
0.452899000 2.65770406827519519e-02
0.452919000 2.73379413317908840e-02
0.452940000 2.83823079255678574e-02
0.452960000 2.54115329849126277e-02
0.452981000 1.17601727691512906e-02
0.453001000 1.13565589010555332e-02
0.453022000 2.48108767437769870e-02
0.453042000 2.92727001100452147e-02
0.453063000 2.56687744839983051e-02
0.453083000 1.49335122463338538e-02
0.453104000 2.31996825992549574e-02
0.453124000 2.91827729010063833e-02
0.453145000 3.04708849630246741e-02
0.453165000 3.01176118680173827e-02
0.453186000 2.56916358525575289e-02
0.453206000 1.87080290003017180e-02
0.453227000 1.74347915021716808e-02
0.453248000 1.76564779276425429e-02
0.453268000 2.88930213117501722e-02
0.453289000 2.24003253464481640e-02
0.453309000 2.91133525328842319e-02
0.453330000 3.02137312031993052e-02
0.453350000 3.04656752223829222e-02
0.453371000 3.07431663243576576e-02
0.453391000 3.06013949545954518e-02
0.453412000 2.66392325219724571e-02
0.453432000 1.97234426550490331e-02
0.453453000 1.85483289811536264e-02
0.453474000 2.94678033335285874e-02
0.453494000 2.96060764866799761e-02
0.453515000 1.95842791209614106e-02
0.453535000 1.73439700036529185e-02
0.453556000 2.73820607024525160e-02
0.453576000 3.03601116521887149e-02
0.453597000 2.24699572590758914e-02
0.453618000 2.52009882704950575e-02
0.453638000 2.71368420046793658e-02
0.453659000 2.87738613830863590e-02
0.453679000 2.04335131083498885e-02
0.453700000 1.67754806602771027e-02
0.453721000 1.45548421910550417e-02
0.453741000 2.46294265039430117e-02
0.453762000 3.03841431573793203e-02
0.453782000 3.03694362256677654e-02
0.453803000 3.21118174936413855e-02
0.453823000 3.17677834802389397e-02
0.453844000 3.17886859739329522e-02
0.453865000 3.14829770810429940e-02
0.453885000 3.07835075452583991e-02
0.453906000 3.06937131962709900e-02
0.453926000 3.12418190913176519e-02
0.453947000 3.28158832238751585e-02
0.453968000 3.14742752998453945e-02
0.453988000 2.89972633448697635e-02
0.454009000 2.51771029052762219e-02
0.454030000 3.05308458249349997e-02
0.454050000 3.10038671736787425e-02
0.454071000 3.17571552997147899e-02
0.454091000 2.80968789486296562e-02
0.454112000 2.88106634572359785e-02
0.454133000 3.24756254674791606e-02
0.454153000 3.16070585966017892e-02
0.454174000 2.42140647122935510e-02
0.454194000 2.36094065448171769e-02
0.454215000 2.97997006260293969e-02
0.454236000 2.88783252833879796e-02
0.454256000 2.94401739733279738e-02
0.454277000 2.45438122251135961e-02
0.454298000 3.06786440325905359e-02
0.454318000 3.15019437792714158e-02
0.454339000 3.33306785719442653e-02
0.454360000 2.92610197043972273e-02
0.454380000 2.70686131005282299e-02
0.454401000 3.03726457356122553e-02
0.454422000 3.35521296098095084e-02
0.454442000 3.34011024188617736e-02
0.454463000 3.40389843514008680e-02
0.454483000 3.43251195832303124e-02
0.454504000 3.17174559836460937e-02
0.454525000 2.82052700808621791e-02
0.454545000 3.32201753794610782e-02
0.454566000 3.43858700129561490e-02
0.454587000 2.21029735035465323e-02
0.454607000 2.81132492657633279e-02
0.454628000 3.10505845233286989e-02
0.454649000 2.70110350294006721e-02
0.454669000 3.07172659278419358e-02
0.454690000 3.55417829969966112e-02
0.454711000 2.89910299688214343e-02
0.454731000 2.63235839415310487e-02
0.454752000 3.59937223068119219e-02
0.454773000 3.54285733335069214e-02
0.454794000 3.42203980099751587e-02
0.454814000 2.70738937327210730e-02
0.454835000 2.49342555589408682e-02
0.454856000 3.05285183283792172e-02
0.454876000 3.60223965889856293e-02
0.454897000 3.29012131603188818e-02
0.454918000 2.50057176800746496e-02
0.454938000 3.50016778778098336e-02
0.454959000 3.70081830036593853e-02
0.454980000 3.53773474725687306e-02
0.455000000 2.65009724208287584e-02
0.455021000 3.40680631518689297e-02
0.455042000 3.37875885734643944e-02
0.455063000 2.48249616022802357e-02
0.455083000 1.22987010299080018e-02
0.455104000 2.03941187134026730e-02
0.455125000 3.25163607534134716e-02
0.455145000 3.40033570868541052e-02
0.455166000 3.72121906910354849e-02
0.455187000 3.51304437930293617e-02
0.455208000 2.63629146951535574e-02
0.455228000 3.61015582017226652e-02
0.455249000 3.39735476382754670e-02
0.455270000 3.65990863562074970e-02
0.455290000 3.34930650177524478e-02
0.455311000 3.76136871825985056e-02
0.455332000 3.63982039300624408e-02
0.455353000 3.02990602693497604e-02
0.455373000 2.05118130686770157e-02
0.455394000 3.27824729730607986e-02
0.455415000 3.85779608876667818e-02
0.455436000 3.59463174036084229e-02
0.455456000 3.68890823402034662e-02
0.455477000 3.90012182802803795e-02
0.455498000 3.83435842622016423e-02
0.455519000 2.51345881274993195e-02
0.455539000 2.00491483438993631e-02
0.455560000 3.54844741582850398e-02
0.455581000 3.48277708208715175e-02
0.455602000 3.76703989201104192e-02
0.455622000 3.14941490070619334e-02
0.455643000 3.64325990233494365e-02
0.455664000 3.48145956344768151e-02
0.455685000 3.16396322583005069e-02
0.455705000 3.16247156937198223e-02
0.455726000 2.44578896182265568e-02
0.455747000 2.63290444368003036e-02
0.455768000 3.96061202443705324e-02
0.455789000 3.94256815063229737e-02
0.455809000 3.72528489728492576e-02
0.455830000 3.76460562927081535e-02
0.455851000 3.61252105664508008e-02
0.455872000 3.78144911702198577e-02
0.455892000 3.92227228166512343e-02
0.455913000 3.96723421817142194e-02
0.455934000 3.67015608256847647e-02
0.455955000 3.85225633301319037e-02
0.455976000 3.57802288567253962e-02
0.455996000 2.74869552784384671e-02
0.456017000 3.96600930547436267e-02
0.456038000 4.07651094645918935e-02
0.456059000 4.08235176588371620e-02
0.456080000 4.00540659755939041e-02
0.456100000 3.95064266348109025e-02
0.456121000 3.46744535460815420e-02
0.456142000 3.24956130066088381e-02
0.456163000 3.88330145682210318e-02
0.456184000 3.92842586016783901e-02
0.456204000 3.70670918446181427e-02
0.456225000 3.85512765493607398e-02
0.456246000 3.99230789063662397e-02
0.456267000 3.53792292484706797e-02
0.456288000 3.88202431267565679e-02
0.456308000 3.98026695610096126e-02
0.456329000 4.14890010710896526e-02
0.456350000 4.00251767924170374e-02
0.456371000 3.79514181974295109e-02
0.456392000 3.94865525559085564e-02
0.456413000 4.00136730644881158e-02
0.456433000 3.98592713975707627e-02
0.456454000 3.92868646220327217e-02
0.456475000 3.87853664757872238e-02
0.456496000 2.60201042467076669e-02
0.456517000 2.91499316447956895e-02
0.456538000 3.78623144404817702e-02
0.456558000 3.81316941080978924e-02
0.456579000 3.69868130411907664e-02
0.456600000 3.14636794160056063e-02
0.456621000 3.81389902342621837e-02
0.456642000 3.96935101129854903e-02
0.456663000 2.97057260206097899e-02
0.456684000 2.11354549754040819e-02
0.456704000 3.02343525430224386e-02
0.456725000 4.08566185977182333e-02
0.456746000 4.02633296745372252e-02
0.456767000 3.80247933374114958e-02
0.456788000 3.56867764308553062e-02
0.456809000 3.41763126003369264e-02
0.456830000 3.48834196215739578e-02
0.456850000 4.07011425211383296e-02
0.456871000 4.14218572947492869e-02
0.456892000 4.18557786103605778e-02
0.456913000 4.21233489982711096e-02
0.456934000 4.19266790417225643e-02
0.456955000 3.76076162567733560e-02
0.456976000 3.86450528734239851e-02
0.456997000 3.32579471128378948e-02
0.457018000 3.33119707515077898e-02
0.457038000 4.03553079528974970e-02
0.457059000 4.06977696036741263e-02
0.457080000 3.61610505779095606e-02
0.457101000 3.86443319831465404e-02
0.457122000 4.08911029527675302e-02
0.457143000 4.12724685838849054e-02
0.457164000 4.12740172823380311e-02
0.457185000 4.13056456855274978e-02
0.457206000 4.04050269558917999e-02
0.457226000 3.07338476054453032e-02
0.457247000 2.93310141486300725e-02
0.457268000 3.78541108943364207e-02
0.457289000 3.44398594869613633e-02
0.457310000 2.84762121065966593e-02
0.457331000 2.20091062323947498e-02
0.457352000 3.67965567446858696e-02
0.457373000 4.03167645439048913e-02
0.457394000 4.01717764632092827e-02
0.457415000 3.82276277396887965e-02
0.457436000 4.09568427310456895e-02
0.457457000 4.02751367243325276e-02
0.457477000 4.03273141800233256e-02
0.457498000 4.09190188188716664e-02
0.457519000 4.05265094740313234e-02
0.457540000 3.66867058909871174e-02
0.457561000 3.68677024653078639e-02
0.457582000 3.87931152103487137e-02
0.457603000 3.10719907390286064e-02
0.457624000 3.88947321758538814e-02
0.457645000 3.93120424586403672e-02
0.457666000 3.94969916833233861e-02
0.457687000 3.83412072474690058e-02
0.457708000 3.79167057370842706e-02
0.457729000 4.05723893832807617e-02
0.457750000 3.54403987162544426e-02
0.457771000 3.28964781188608862e-02
0.457792000 3.96794212569783547e-02
0.457813000 4.06730735665706347e-02
0.457834000 3.66422778367746574e-02
0.457854000 3.54096392627099368e-02
0.457875000 4.02063719989623758e-02
0.457896000 3.98011319209426798e-02
0.457917000 3.97408193208225596e-02
0.457938000 4.00350083311007826e-02
0.457959000 3.95483466072001286e-02
0.457980000 2.81402114378780550e-02
0.458001000 3.50251167848137437e-02
0.458022000 3.85063545180752698e-02
0.458043000 3.80520291708409397e-02
0.458064000 3.59470874934202309e-02
0.458085000 3.90221580885410299e-02
0.458106000 3.56020437078167842e-02
0.458127000 2.82807249339258673e-02
0.458148000 3.30148655468831334e-02
0.458169000 3.08379883891293331e-02
0.458190000 3.16575833447163488e-02
0.458211000 3.91788901451592536e-02
0.458232000 3.86383408074934265e-02
0.458253000 3.16540753735213148e-02
0.458274000 1.58720698747163956e-02
0.458295000 2.93275232883647707e-02
0.458316000 3.91036821524830547e-02
0.458337000 3.92345549006582819e-02
0.458358000 3.69913367369843621e-02
0.458379000 3.86684720248850408e-02
0.458400000 3.52317828341038725e-02
0.458421000 3.28645280764892980e-02
0.458442000 3.78870737746231367e-02
0.458463000 3.61426547149735142e-02
0.458484000 3.69183845901737695e-02
0.458505000 2.36965726873913721e-02
0.458526000 2.87855540436867327e-02
0.458547000 3.84939984230943458e-02
0.458568000 3.98889524792801070e-02
0.458589000 3.62911189118412733e-02
0.458610000 2.71781067794357074e-02
0.458631000 3.75388620109527796e-02
0.458652000 3.89298220137086759e-02
0.458674000 3.92757905387985107e-02
0.458695000 3.69010495511461548e-02
0.458716000 2.06333177549499897e-02
0.458737000 2.94082175795962290e-02
0.458758000 2.87617975293215575e-02
0.458779000 3.70842303719094851e-02
0.458800000 4.04229644323719564e-02
0.458821000 3.79135043963045384e-02
0.458842000 3.08035900985257627e-02
0.458863000 3.88841024983778358e-02
0.458884000 3.85108898375220651e-02
0.458905000 3.76549916098633877e-02
0.458926000 3.89933515667455141e-02
0.458947000 2.92418642228902473e-02
0.458968000 3.84655661534390528e-02
0.458989000 3.87566598479285804e-02
0.459010000 3.93035436801864382e-02
0.459031000 4.10170169554324310e-02
0.459053000 4.06927846617009467e-02
0.459074000 4.01930975072324961e-02
0.459095000 4.08046059502877173e-02
0.459116000 3.05486478802759094e-02
0.459137000 3.40403419877299135e-02
0.459158000 4.03893726575768747e-02
0.459179000 4.04285201965150082e-02
0.459200000 3.63768772853802977e-02
0.459221000 3.78672570773024089e-02
0.459242000 3.94570625039289899e-02
0.459263000 2.96311082964199231e-02
0.459284000 3.26315257779140264e-02
0.459306000 4.12806011288580840e-02
0.459327000 3.47303036282094746e-02
0.459348000 3.68020849335613451e-02
0.459369000 3.28824577378207319e-02
0.459390000 1.88933191698370112e-02
0.459411000 3.60598084731636667e-02
0.459432000 4.03662076304139722e-02
0.459453000 4.00040651646461978e-02
0.459474000 3.77781228649547232e-02
0.459495000 3.97959221391802342e-02
0.459517000 3.80801185471170631e-02
0.459538000 3.16315601290368884e-02
0.459559000 3.95117106578856472e-02
0.459580000 4.02636149303421606e-02
0.459601000 3.86993222862157746e-02
0.459622000 3.62868554465444540e-02
0.459643000 3.87782575602904148e-02
0.459664000 2.95097015880758200e-02
0.459686000 3.50695167159706389e-02
0.459707000 3.79914099417927933e-02
0.459728000 2.74422510796678842e-02
0.459749000 3.68298399047226124e-02
0.459770000 3.59336263063883068e-02
0.459791000 4.02149316044503602e-02
0.459812000 4.03500138294038413e-02
0.459834000 4.05526849708147050e-02
0.459855000 3.62464009517248706e-02
0.459876000 3.80087567968051543e-02
0.459897000 3.45753455739214524e-02
0.459918000 3.06637198947566358e-02
0.459939000 2.84504376447722862e-02
0.459960000 3.73870221211822298e-02
0.459982000 4.10218701488892570e-02
0.460003000 3.93829889381005424e-02
0.460024000 4.17620759072883860e-02
0.460045000 4.15123697736001149e-02
0.460066000 4.21474688232211514e-02
0.460087000 4.28764736776384575e-02
0.460109000 3.35049890125278041e-02
0.460130000 3.57363653396847170e-02
0.460151000 3.28851228544936383e-02
0.460172000 3.38647006478514506e-02
0.460193000 3.44239222418887270e-02
0.460214000 2.92784086371477015e-02
0.460236000 3.53283063559729354e-02
0.460257000 3.93693309898067376e-02
0.460278000 4.16733198279554545e-02
0.460299000 4.29602963842978525e-02
0.460320000 3.56273809113361664e-02
0.460342000 3.74711694282652621e-02
0.460363000 4.25589461992994661e-02
0.460384000 4.19599480118935941e-02
0.460405000 3.77267599365695566e-02
0.460426000 2.47407005690148812e-02
0.460448000 4.02299412847116067e-02
0.460469000 4.03389509173518596e-02
0.460490000 4.24533732105746575e-02
0.460511000 3.91190231931949767e-02
0.460532000 4.11425448377735620e-02
0.460554000 4.31961434435068972e-02
0.460575000 3.81849252543795606e-02
0.460596000 3.81113907646908126e-02
0.460617000 3.40051035560293563e-02
0.460638000 3.40050588978676460e-02
0.460660000 3.93327411954877276e-02
0.460681000 3.32383228805588835e-02
0.460702000 3.85508581525951383e-02
0.460723000 4.29532341348477995e-02
0.460745000 3.66634233598049850e-02
0.460766000 3.86434841872759782e-02
0.460787000 4.28621985915926401e-02
0.460808000 4.29230013353393489e-02
0.460829000 4.40330473313606113e-02
0.460851000 3.98614766108761134e-02
0.460872000 3.64946001606467896e-02
0.460893000 2.83071169435527396e-02
0.460914000 4.16068082184108540e-02
0.460936000 4.39348488759504219e-02
0.460957000 4.33187749315889631e-02
0.460978000 4.35089497142002873e-02
0.460999000 4.36913774302278013e-02
0.461021000 4.38190241251295645e-02
0.461042000 4.27686324511347693e-02
0.461063000 4.13940508796393491e-02
0.461084000 4.42663390597910558e-02
0.461106000 4.28698607744297244e-02
0.461127000 3.95538758229848700e-02
0.461148000 4.17858359172100444e-02
0.461170000 4.42868561533331651e-02
0.461191000 4.37368958367684232e-02
0.461212000 4.35363350987263767e-02
0.461233000 3.76990987022327931e-02
0.461255000 2.35450619901778971e-02
0.461276000 3.76643700262185160e-02
0.461297000 4.16967652312021930e-02
0.461318000 4.31827661792603887e-02
0.461340000 4.36788052426305556e-02
0.461361000 4.36136022189827846e-02
0.461382000 4.34806340289552729e-02
0.461404000 4.38154918843348395e-02
0.461425000 4.19428000412091773e-02
0.461446000 2.96156796970538996e-02
0.461467000 2.86293351510223532e-02
0.461489000 4.23177780473365517e-02
0.461510000 3.96226171118174986e-02
0.461531000 3.99070791789930893e-02
0.461553000 3.97844370939294811e-02
0.461574000 4.29721488073461014e-02
0.461595000 4.35838712284515595e-02
0.461617000 4.53141196353473649e-02
0.461638000 4.46376937168709020e-02
0.461659000 4.54206947315884194e-02
0.461681000 4.01723935275005994e-02
0.461702000 4.14202222946636958e-02
0.461723000 4.10747437643768226e-02
0.461744000 3.00020083925219283e-02
0.461766000 4.37077467983742196e-02
0.461787000 3.70068175201346966e-02
0.461808000 4.29511109673653274e-02
0.461830000 4.57657175425935994e-02
0.461851000 3.50635350645330177e-02
0.461872000 4.14377002890391338e-02
0.461894000 4.53490543015750772e-02
0.461915000 4.22797464014469937e-02
0.461936000 4.46378858000015186e-02
0.461958000 4.52303618688301295e-02
0.461979000 4.37960708878293234e-02
0.462000000 3.34918588846446486e-02
0.462022000 3.72964020901548204e-02
0.462043000 3.97233590144944471e-02
0.462065000 3.18084265162504182e-02
0.462086000 3.75220383558644080e-02
0.462107000 4.36436394421381504e-02
0.462129000 4.50314471079480277e-02
0.462150000 4.38742610555802534e-02
0.462171000 3.89711759874528385e-02
0.462193000 4.07060306216229795e-02
0.462214000 4.48069916542628982e-02
0.462235000 4.56605620421140918e-02
0.462257000 4.59393707328528897e-02
0.462278000 4.42919147847861544e-02
0.462299000 4.51426838308917402e-02
0.462321000 3.65650744918407308e-02
0.462342000 4.43070642880129192e-02
0.462364000 4.19028706552019917e-02
0.462385000 3.86318157492078137e-02
0.462406000 4.18534789443120586e-02
0.462428000 3.92137902509861955e-02
0.462449000 3.94152622008600781e-02
0.462471000 4.54370389846528444e-02
0.462492000 4.24456166571969273e-02
0.462513000 4.62621990846368430e-02
0.462535000 4.48311230278677364e-02
0.462556000 4.44814935938755776e-02
0.462577000 4.46653370748382392e-02
0.462599000 4.53621248224870821e-02
0.462620000 3.83199644761703234e-02
0.462642000 3.29309231000674343e-02
0.462663000 4.38035357944900755e-02
0.462684000 4.61820351108026828e-02
0.462706000 4.46538119053117091e-02
0.462727000 4.21739409959000361e-02
0.462749000 3.16338217099535052e-02
0.462770000 4.29907178725025124e-02
0.462792000 4.26394893172276426e-02
0.462813000 4.42734003987326555e-02
0.462834000 4.65966774786601493e-02
0.462856000 4.38941099325727002e-02
0.462877000 4.11111452916186199e-02
0.462899000 4.51436057418123093e-02
0.462920000 4.68651263033380908e-02
0.462942000 4.36725336674745057e-02
0.462963000 4.38289969237864174e-02
0.462984000 4.52053161611621970e-02
0.463006000 4.55303953187599225e-02
0.463027000 4.56579516055150986e-02
0.463049000 3.98883985043027717e-02
0.463070000 3.14383438530165607e-02
0.463092000 4.45741994873591479e-02
0.463113000 4.41874971860878527e-02
0.463134000 3.61202614702489239e-02
0.463156000 4.03167193476840352e-02
0.463177000 4.40865065673995554e-02
0.463199000 4.47031464676743359e-02
0.463220000 4.54742717064850269e-02
0.463242000 4.50301507641150470e-02
0.463263000 4.57217317304630597e-02
0.463285000 4.51214605899491195e-02
0.463306000 4.66578850058857741e-02
0.463328000 4.54400773050738713e-02
0.463349000 4.41842598000131079e-02
0.463371000 4.61071485510543763e-02
0.463392000 4.48653964987932308e-02
0.463414000 2.82623466695599568e-02
0.463435000 3.79708426734696389e-02
0.463456000 4.46183771405136917e-02
0.463478000 4.63521655499834900e-02
0.463499000 4.28899304853331970e-02
0.463521000 4.11103711413824055e-02
0.463542000 3.62768305552929812e-02
0.463564000 4.56426633367338561e-02
0.463585000 4.44343221101305905e-02
0.463607000 4.02014540411960719e-02
0.463628000 4.61922584753752391e-02
0.463650000 4.44421357000123265e-02
0.463671000 4.37882354819349867e-02
0.463693000 4.26240821447574011e-02
0.463714000 3.63796856755971704e-02
0.463736000 4.52639087815794455e-02
0.463757000 4.33669571644900650e-02
0.463779000 4.52726935454837512e-02
0.463800000 4.58664532541132527e-02
0.463822000 4.58261246153129145e-02
0.463843000 4.20999619666794708e-02
0.463865000 3.90403470685194293e-02
0.463886000 3.13587145990886079e-02
0.463908000 3.88088078747316004e-02
0.463929000 2.99507197216744778e-02
0.463951000 4.40450452496361500e-02
0.463973000 4.54365881645647993e-02
0.463994000 4.54904640674213476e-02
0.464016000 4.46900981642056050e-02
0.464037000 4.44950693329461619e-02
0.464059000 3.98029573331710740e-02
0.464080000 3.72394980314512680e-02
0.464102000 3.85688882493915031e-02
0.464123000 3.91015352597581037e-02
0.464145000 4.13537342799446331e-02
0.464166000 3.87336475167272820e-02
0.464188000 4.42131308062215442e-02
0.464209000 4.44229030178466336e-02
0.464231000 4.34342335396185608e-02
0.464253000 3.92619274274550664e-02
0.464274000 4.34798472836188735e-02
0.464296000 4.53070266955532264e-02
0.464317000 4.56832657450330151e-02
0.464339000 4.43989674730594502e-02
0.464360000 4.42212019967660810e-02
0.464382000 4.41084643104359408e-02
0.464403000 4.42486537749804121e-02
0.464425000 4.61432762587932754e-02
0.464447000 4.40031369428249899e-02
0.464468000 3.55089947441280043e-02
0.464490000 3.72229357348699760e-02
0.464511000 4.15569637361135960e-02
0.464533000 4.27025643245468808e-02
0.464554000 4.27712353266223866e-02
0.464576000 4.23217582827069491e-02
0.464598000 4.33675032801587035e-02
0.464619000 4.40963275368044805e-02
0.464641000 4.12684819100041581e-02
0.464662000 4.17051595211718543e-02
0.464684000 4.32528825288229363e-02
0.464706000 4.37224525101739328e-02
0.464727000 4.08724467204336223e-02
0.464749000 2.70667653953583533e-02
0.464770000 3.88054799596455544e-02
0.464792000 3.70975717229635182e-02
0.464814000 3.96424246863709834e-02
0.464835000 4.37192668704671911e-02
0.464857000 3.53859611074334723e-02
0.464878000 2.96445983753436046e-02
0.464900000 4.32578877972605025e-02
0.464922000 3.49722684770443423e-02
0.464943000 3.87001537508875407e-02
0.464965000 4.53981472726209603e-02
0.464987000 3.45360137173249745e-02
0.465008000 3.36008819800320199e-02
0.465030000 4.05857251576294195e-02
0.465051000 4.46839157834935177e-02
0.465073000 4.11366447203779448e-02
0.465095000 4.02243896822439967e-02
0.465116000 4.08977171086294805e-02
0.465138000 4.33691549715274696e-02
0.465160000 4.31739211508957790e-02
0.465181000 4.46927505042765058e-02
0.465203000 4.53987518541000418e-02
0.465224000 4.51489001618391589e-02
0.465246000 3.96187962653275286e-02
0.465268000 3.52218284889861746e-02
0.465289000 4.57371136287508320e-02
0.465311000 4.76906205731272848e-02
0.465333000 3.88585158223831093e-02
0.465354000 3.17687610153974953e-02
0.465376000 4.69644221244620852e-02
0.465398000 4.62393193250345974e-02
0.465419000 4.64141910217901743e-02
0.465441000 4.76386802933600473e-02
0.465463000 4.36888908045626329e-02
0.465484000 4.38815730304237608e-02
0.465506000 4.69814101272443552e-02
0.465528000 4.49126902351321688e-02
0.465549000 4.22695066367329009e-02
0.465571000 3.47180813257010334e-02
0.465593000 1.94193934456982804e-02
0.465614000 4.13165634087765757e-02
0.465636000 4.64831902940692071e-02
0.465658000 4.47610417802764282e-02
0.465679000 4.45115190393822191e-02
0.465701000 4.09750745911360986e-02
0.465723000 4.30573852282630579e-02
0.465744000 4.07354901238317982e-02
0.465766000 3.85173800937309921e-02
0.465788000 3.85513484701363179e-02
0.465810000 4.44071286763943265e-02
0.465831000 3.85836894769107375e-02
0.465853000 3.76529503405900884e-02
0.465875000 4.27561375335475530e-02
0.465896000 4.18293472579730277e-02
0.465918000 4.71001937222715883e-02
0.465940000 4.69243666404373372e-02
0.465962000 4.32247534567091474e-02
0.465983000 4.50793608923886618e-02
0.466005000 4.56009125719619365e-02
0.466027000 4.51883683402958397e-02
0.466048000 4.61045159823441630e-02
0.466070000 4.71773781493481717e-02
0.466092000 4.79362950912398389e-02
0.466114000 4.69355241447195620e-02
0.466135000 4.58385281766899369e-02
0.466157000 4.67299028317701495e-02
0.466179000 4.36454118999004617e-02
0.466200000 4.62085905771153216e-02
0.466222000 4.34874336472706804e-02
0.466244000 4.70038240407039121e-02
0.466266000 4.49390920181753639e-02
0.466287000 4.05278940524079132e-02
0.466309000 4.58105857333198432e-02
0.466331000 3.86008318623176430e-02
0.466353000 4.54374056895949230e-02
0.466374000 4.56387804697116137e-02
0.466396000 4.55032732927070360e-02
0.466418000 4.58529767825048770e-02
0.466440000 4.28004936070513903e-02
0.466461000 3.45440021176942058e-02
0.466483000 4.18895936534194047e-02
0.466505000 3.75984207796703010e-02
0.466527000 4.12906856304625647e-02
0.466548000 4.57274096067740790e-02
0.466570000 4.72462448151946338e-02
0.466592000 4.49731022257029295e-02
0.466614000 3.74751131170014129e-02
0.466636000 4.60045324827007274e-02
0.466657000 4.56683068838811337e-02
0.466679000 4.69203162947907371e-02
0.466701000 4.40188180416905411e-02
0.466723000 3.78412352815621841e-02
0.466744000 3.74942212074112421e-02
0.466766000 4.22895758743389236e-02
0.466788000 3.59393579748417472e-02
0.466810000 3.56465958293843074e-02
0.466832000 3.65607671562570707e-02
0.466853000 3.49226037477635143e-02
0.466875000 2.44813190180686903e-02
0.466897000 3.04955843169086721e-02
0.466919000 4.05997175386069234e-02
0.466941000 2.54835533527023109e-02
0.466962000 3.96056590225567079e-02
0.466984000 3.85572225317578204e-02
0.467006000 4.46060654373005155e-02
0.467028000 4.53250679039587309e-02
0.467050000 3.13997445941101225e-02
0.467071000 4.11618058898162789e-02
0.467093000 4.63661199168691959e-02
0.467115000 4.81829806239046504e-02
0.467137000 4.46716286575893212e-02
0.467159000 3.94896850932407312e-02
0.467181000 3.89711277895660319e-02
0.467202000 4.75639034235389169e-02
0.467224000 4.81875917640544119e-02
0.467246000 4.85264153290609554e-02
0.467268000 4.38203486070981169e-02
0.467290000 4.50324654297822313e-02
0.467312000 4.61243864664346928e-02
0.467333000 4.64192257180903109e-02
0.467355000 3.96523830161190222e-02
0.467377000 4.26426031557098836e-02
0.467399000 4.57614106856260722e-02
0.467421000 4.24487406651640614e-02
0.467443000 3.21630291931677484e-02
0.467464000 3.78390744720044983e-02
0.467486000 4.83233325813919590e-02
0.467508000 4.63547377008996925e-02
0.467530000 4.31567266868656055e-02
0.467552000 4.26283753162920026e-02
0.467574000 4.66381513590831756e-02
0.467596000 4.13238375315019141e-02
0.467617000 4.51080505002190019e-02
0.467639000 4.18977402633865514e-02
0.467661000 4.61939512072318190e-02
0.467683000 4.58768141370374735e-02
0.467705000 4.65885751986906266e-02
0.467727000 4.78098724727286234e-02
0.467749000 4.67519490898745602e-02
0.467771000 4.61616767983645537e-02
0.467792000 4.68300398159470777e-02
0.467814000 4.76482773995618308e-02
0.467836000 4.79394042641489021e-02
0.467858000 4.79136341479061215e-02
0.467880000 4.54486814696144215e-02
0.467902000 4.58255576542799317e-02
0.467924000 4.66958516349639877e-02
0.467946000 3.63214583024163012e-02
0.467968000 4.35101578996195948e-02
0.467990000 4.40888750858629205e-02
0.468011000 3.08078099997131025e-02
0.468033000 4.03158401528644142e-02
0.468055000 3.86453046500993477e-02
0.468077000 4.76597756799794631e-02
0.468099000 4.89803161679973759e-02
0.468121000 4.68785104173770964e-02
0.468143000 3.72100626432472562e-02
0.468165000 3.57323614100229850e-02
0.468187000 3.83016181434840605e-02
0.468209000 4.35812922829432597e-02
0.468231000 4.45191538559387354e-02
0.468252000 4.75501271768976608e-02
0.468274000 4.38472183908309304e-02
0.468296000 4.77131778687359676e-02
0.468318000 3.60741074184997776e-02
0.468340000 3.56401792762772521e-02
0.468362000 3.94410834344729039e-02
0.468384000 4.24921706342150721e-02
0.468406000 4.77376141454525157e-02
0.468428000 4.94842310866480881e-02
0.468450000 4.87031499647719995e-02
0.468472000 4.44083837368561413e-02
0.468494000 4.06118838967030743e-02
0.468516000 4.82340802653052139e-02
0.468538000 4.69568000355495563e-02
0.468560000 4.58400545057950637e-02
0.468582000 4.39401098833621315e-02
0.468604000 4.52592909398235460e-02
0.468626000 4.46100540420921246e-02
0.468647000 3.89698653561826105e-02
0.468669000 4.23201900835277547e-02
0.468691000 4.94281133467115580e-02
0.468713000 4.82869360801753411e-02
0.468735000 4.48975582439980897e-02
0.468757000 3.78730284489655553e-02
0.468779000 4.84767268696621317e-02
0.468801000 4.86300579865325336e-02
0.468823000 4.85147265271806336e-02
0.468845000 4.72248182011116430e-02
0.468867000 3.95480514972456482e-02
0.468889000 4.67721949452239091e-02
0.468911000 4.69063365285318778e-02
0.468933000 4.61771080410938242e-02
0.468955000 4.06885704528966025e-02
0.468977000 4.27730518903567322e-02
0.468999000 4.37829435052166718e-02
0.469021000 4.66943078099950615e-02
0.469043000 4.81924319302894574e-02
0.469065000 4.00846597894705600e-02
0.469087000 4.40475648457767238e-02
0.469109000 4.97105642548457127e-02
0.469131000 4.49078681207454380e-02
0.469153000 3.97938766365479452e-02
0.469175000 4.56428841957108589e-02
0.469197000 4.78521548858060267e-02
0.469219000 4.77135708334943745e-02
0.469241000 4.76995528459498511e-02
0.469263000 3.27525969016735363e-02
0.469285000 3.28376510059102955e-02
0.469307000 4.52416438511747745e-02
0.469329000 4.74982661612323442e-02
0.469351000 4.80481927672840453e-02
0.469373000 4.62610172025119462e-02
0.469395000 4.25431013283271500e-02
0.469417000 4.51287753681755208e-02
0.469439000 4.60747934986607405e-02
0.469462000 4.67739875509800979e-02
0.469484000 4.68461647963261604e-02
0.469506000 4.50496200961923096e-02
0.469528000 4.29637571960238898e-02
0.469550000 4.66863781900126174e-02
0.469572000 4.77810501955120148e-02
0.469594000 4.62902824351182074e-02
0.469616000 4.15101191051792315e-02
0.469638000 4.42333610019817330e-02
0.469660000 4.73687748160507779e-02
0.469682000 4.77746150092644289e-02
0.469704000 4.84996404187167524e-02
0.469726000 4.81578925193284491e-02
0.469748000 4.73638963876869754e-02
0.469770000 4.71129497077958093e-02
0.469792000 4.75903725300113045e-02
0.469814000 4.73592456382649421e-02
0.469836000 4.34666322794185281e-02
0.469859000 4.68438611044841788e-02
0.469881000 4.57601969538844119e-02
0.469903000 4.84063703720715027e-02
0.469925000 4.85379904607494694e-02
0.469947000 4.62358233982126041e-02
0.469969000 3.57991068153933126e-02
0.469991000 3.34104417700511608e-02
0.470013000 3.92428652682141610e-02
0.470035000 4.73168598750269634e-02
0.470057000 3.93747809728536499e-02
0.470079000 4.33615235183201220e-02
0.470102000 4.84623972382262763e-02
0.470124000 4.76988696662544523e-02
0.470146000 3.73392415870013802e-02
0.470168000 4.61429038315243831e-02
0.470190000 4.59966596014344323e-02
0.470212000 4.74679960229852857e-02
0.470234000 3.97542299382232650e-02
0.470256000 4.16248067362677554e-02
0.470278000 3.78856644480444135e-02
0.470301000 4.56083431449866294e-02
0.470323000 4.55369216744885771e-02
0.470345000 4.68369504189805469e-02
0.470367000 4.56457650126889589e-02
0.470389000 4.32897298904910133e-02
0.470411000 3.25369774069058232e-02
0.470433000 1.75583682683644916e-02
0.470455000 3.70230998487944829e-02
0.470478000 4.47320764368409687e-02
0.470500000 4.05398655309163539e-02
0.470522000 4.04840275655172846e-02
0.470544000 4.82129743916182366e-02
0.470566000 4.65949088448973994e-02
0.470588000 4.62441399925119165e-02
0.470610000 4.63628916550605924e-02
0.470633000 3.96428613036253208e-02
0.470655000 4.73268144191892129e-02
0.470677000 4.17100508764732536e-02
0.470699000 4.77641867028933687e-02
0.470721000 4.72531039689664881e-02
0.470743000 4.73553236701458186e-02
0.470765000 4.90262179438041498e-02
0.470788000 4.46387549303362344e-02
0.470810000 4.73343400685900112e-02
0.470832000 4.70781577311217558e-02
0.470854000 3.08758242652602266e-02
0.470876000 3.11627546320137928e-02
0.470898000 4.65999438881200961e-02
0.470921000 4.47960913785151946e-02
0.470943000 4.23385001177650558e-02
0.470965000 4.85233015789172661e-02
0.470987000 4.33237045540287788e-02
0.471009000 4.31681569459217360e-02
0.471032000 3.32787649767040047e-02
0.471054000 4.29019121210922963e-02
0.471076000 4.92908591846842672e-02
0.471098000 3.82466791753200835e-02
0.471120000 4.62828438346396809e-02
0.471143000 4.10283529473794706e-02
0.471165000 3.40718726243195991e-02
0.471187000 4.92466223470362299e-02
0.471209000 5.00333835150655257e-02
0.471231000 5.03122200925974483e-02
0.471254000 5.12916459574603439e-02
0.471276000 4.44157829019677930e-02
0.471298000 4.70816905027394497e-02
0.471320000 4.81168246018919277e-02
0.471342000 4.20603822600987276e-02
0.471365000 4.69262480012388114e-02
0.471387000 4.53244499991394753e-02
0.471409000 4.52640064457501753e-02
0.471431000 4.61967250132647722e-02
0.471453000 4.72802138041787112e-02
0.471476000 4.94011822181795457e-02
0.471498000 4.88639273868385696e-02
0.471520000 4.61905013798731209e-02
0.471542000 4.02375424850599170e-02
0.471565000 3.01549757280616323e-02
0.471587000 3.37314835930609541e-02
0.471609000 4.45486231760182996e-02
0.471631000 4.60720843074068909e-02
0.471654000 4.72602268910383705e-02
0.471676000 4.86587509123588974e-02
0.471698000 4.02812627691246511e-02
0.471720000 4.00950560949495313e-02
0.471743000 5.02716336880829964e-02
0.471765000 5.00340282653934376e-02
0.471787000 4.97803096286264860e-02
0.471809000 5.02474738970970156e-02
0.471832000 5.01759458953462759e-02
0.471854000 4.77967812279393167e-02
0.471876000 4.61881486567315980e-02
0.471898000 4.48747749676265545e-02
0.471921000 4.89953403257541026e-02
0.471943000 4.98033383244131031e-02
0.471965000 4.24060021840275136e-02
0.471988000 4.39528757774909420e-02
0.472010000 4.92413020193214479e-02
0.472032000 5.01280600060981449e-02
0.472054000 5.04719754710347690e-02
0.472077000 4.91694754932704842e-02
0.472099000 4.71981228142322462e-02
0.472121000 4.99625187792139477e-02
0.472144000 5.04602373692688566e-02
0.472166000 4.99646858852921746e-02
0.472188000 4.93771667038255882e-02
0.472210000 4.95305503011339299e-02
0.472233000 4.07809229097263679e-02
0.472255000 4.78935570759614279e-02
0.472277000 5.02090428179615827e-02
0.472300000 5.09272714121244210e-02
0.472322000 4.92416013102388236e-02
0.472344000 3.85222695592144365e-02
0.472367000 4.70483252768282637e-02
0.472389000 4.64378237834903521e-02
0.472411000 4.92191806138325069e-02
0.472434000 4.56918545805981638e-02
0.472456000 4.40709383404247063e-02
0.472478000 4.87937056218794921e-02
0.472500000 5.03342968814917066e-02
0.472523000 5.00308982240682890e-02
0.472545000 4.91998178282404414e-02
0.472567000 4.48410424298542193e-02
0.472590000 4.71343242584018260e-02
0.472612000 4.86437106607977357e-02
0.472634000 5.01716132143585278e-02
0.472657000 5.04650764812556649e-02
0.472679000 4.83566939110965308e-02
0.472701000 5.00367024761061152e-02
0.472724000 4.84121021373166080e-02
0.472746000 4.62973965364900375e-02
0.472769000 4.93133959993676679e-02
0.472791000 4.93372253732500127e-02
0.472813000 4.97965354472548125e-02
0.472836000 4.54040634742978941e-02
0.472858000 3.56351665518531077e-02
0.472880000 2.88804755723935901e-02
0.472903000 4.74596117778961213e-02
0.472925000 4.49694173866811153e-02
0.472947000 4.53192641339735594e-02
0.472970000 4.28336401676688433e-02
0.472992000 3.59368601185320671e-02
0.473015000 4.75189296814723591e-02
0.473037000 4.03546302606074478e-02
0.473059000 4.44420924283232890e-02
0.473082000 4.55919320576350928e-02
0.473104000 3.89772402553736352e-02
0.473126000 3.93214283206390486e-02
0.473149000 4.22170715226627552e-02
0.473171000 4.71712865187536717e-02
0.473194000 4.34335894013814089e-02
0.473216000 4.07668894594565845e-02
0.473238000 4.25914076589714863e-02
0.473261000 4.47545488041985254e-02
0.473283000 3.53281739941729914e-02
0.473306000 4.25580600442276163e-02
0.473328000 4.48452843036188306e-02
0.473350000 4.85439960711235782e-02
0.473373000 4.24346630014119791e-02
0.473395000 4.71422562022223782e-02
0.473418000 4.87385542864965660e-02
0.473440000 4.84013121121052436e-02
0.473462000 4.81819831934512458e-02
0.473485000 3.55618564194114528e-02
0.473507000 4.28860171781004912e-02
0.473530000 4.37328292595565854e-02
0.473552000 4.36498287733281393e-02
0.473575000 4.77626534921080231e-02
0.473597000 4.61210024372416053e-02
0.473619000 4.75875930626747032e-02
0.473642000 4.88844803271602166e-02
0.473664000 4.84737556647064360e-02
0.473687000 4.86833786290882947e-02
0.473709000 4.00143919035215040e-02
0.473732000 4.20305286731695316e-02
0.473754000 4.61539948947745013e-02
0.473776000 4.59265326004673763e-02
0.473799000 3.25314892813558243e-02
0.473821000 3.05629554892022266e-02
0.473844000 4.56388479409808728e-02
0.473866000 3.90559275392498781e-02
0.473889000 4.20690632558538419e-02
0.473911000 4.57405715026155679e-02
0.473934000 4.98882011563351532e-02
0.473956000 4.92386939194695700e-02
0.473979000 4.93207734627947314e-02
0.474001000 4.99457301932125577e-02
0.474024000 4.69737290258668214e-02
0.474046000 3.78051572947566070e-02
0.474068000 4.90603011253875690e-02
0.474091000 4.90848897142458773e-02
0.474113000 4.99607110065780902e-02
0.474136000 4.83792377342910918e-02
0.474158000 4.08621484838786256e-02
0.474181000 4.01121980781515286e-02
0.474203000 4.88968349693060106e-02
0.474226000 4.05034213571465601e-02
0.474248000 4.40178917984327400e-02
0.474271000 4.45871419825886045e-02
0.474293000 3.88544437872758372e-02
0.474316000 4.98076016917127981e-02
0.474338000 4.91162912813182251e-02
0.474361000 4.74154204392899306e-02
0.474383000 4.84609849538110496e-02
0.474406000 4.43978755638221451e-02
0.474428000 4.55030293555791637e-02
0.474451000 4.87878328515128912e-02
0.474473000 5.00253089853116770e-02
0.474496000 5.00303429987801404e-02
0.474518000 4.87181591281182769e-02
0.474541000 4.95247450995718666e-02
0.474563000 4.08511613159385709e-02
0.474586000 4.35997028674841650e-02
0.474608000 4.68656951499624164e-02
0.474631000 4.77627148564773799e-02
0.474654000 4.61350655346347074e-02
0.474676000 4.88215862030341036e-02
0.474699000 4.34296239967833717e-02
0.474721000 3.90660497578362506e-02
0.474744000 4.89079344738521660e-02
0.474766000 4.85265232243241654e-02
0.474789000 4.98615748710054610e-02
0.474811000 4.98475517957032155e-02
0.474834000 4.95244276434352107e-02
0.474856000 4.94592217941898296e-02
0.474879000 4.99007738208566767e-02
0.474901000 4.88294662043960714e-02
0.474924000 4.62602101492432180e-02
0.474947000 3.45884193007682458e-02
0.474969000 4.72820966268348158e-02
0.474992000 4.94223813179646559e-02
0.475014000 4.95042556822152327e-02
0.475037000 4.98063861494403362e-02
0.475059000 4.90553622515000204e-02
0.475082000 4.83618373764199416e-02
0.475105000 4.37168037186203562e-02
0.475127000 4.31183878053084668e-02
0.475150000 4.94598616965520321e-02
0.475172000 5.03884128173193932e-02
0.475195000 5.03045174936891659e-02
0.475217000 4.98632222075918174e-02
0.475240000 4.55783844875170055e-02
0.475263000 4.86496900053927928e-02
0.475285000 4.86301268972506723e-02
0.475308000 4.74729005231234458e-02
0.475330000 4.41708465302888473e-02
0.475353000 4.34169251310003584e-02
0.475376000 3.83042424702714490e-02
0.475398000 4.76598531379964011e-02
0.475421000 4.90274034089581076e-02
0.475443000 4.94327375709423256e-02
0.475466000 5.07856921286753971e-02
0.475489000 4.98323525952601223e-02
0.475511000 4.78210811947714573e-02
0.475534000 2.77728237267578122e-02
0.475556000 4.30337099179053453e-02
0.475579000 4.92642107923525058e-02
0.475602000 4.19050621276835511e-02
0.475624000 4.63049521585434734e-02
0.475647000 4.92279002901639395e-02
0.475670000 4.92594823214837982e-02
0.475692000 4.69358017822277263e-02
0.475715000 4.42541266958237714e-02
0.475737000 4.05088106091191294e-02
0.475760000 4.41281650185607888e-02
0.475783000 3.48227267452950739e-02
0.475805000 4.67472106203741036e-02
0.475828000 5.11062420029183978e-02
0.475851000 4.99060211386366456e-02
0.475873000 4.65454102699393371e-02
0.475896000 4.17256909463536094e-02
0.475919000 4.98553627615083844e-02
0.475941000 4.27526732439466664e-02
0.475964000 4.79251558231924696e-02
0.475986000 4.93994601410449666e-02
0.476009000 4.89622020734433727e-02
0.476032000 4.90625464643244247e-02
0.476054000 4.30604318390871987e-02
0.476077000 4.86591736743725231e-02
0.476100000 5.00107013309540605e-02
0.476122000 4.92732971001792822e-02
0.476145000 4.97058886872006334e-02
0.476168000 5.01617724314228422e-02
0.476190000 5.01471430994433545e-02
0.476213000 5.07581414391273314e-02
0.476236000 4.73754993988405801e-02
0.476259000 4.62313294715829201e-02
0.476281000 3.69661834076491363e-02
0.476304000 4.69919848780022825e-02
0.476327000 4.97423913449272365e-02
0.476349000 4.62756418934689856e-02
0.476372000 3.01636666409609046e-02
0.476395000 3.57405032159203370e-02
0.476417000 4.35155490176428045e-02
0.476440000 5.08960208692064500e-02
0.476463000 4.96093200395532410e-02
0.476485000 4.93168606168788159e-02
0.476508000 4.47847123891774238e-02
0.476531000 3.61469355481589608e-02
0.476554000 4.58203802725779125e-02
0.476576000 4.28025277814713043e-02
0.476599000 4.46603642000651183e-02
0.476622000 4.76409286358856349e-02
0.476644000 4.75589322564197656e-02
0.476667000 4.12237138751041995e-02
0.476690000 3.94244588226780740e-02
0.476713000 3.63455366581933309e-02
0.476735000 4.35721593341957467e-02
0.476758000 4.46516632835826793e-02
0.476781000 3.36706426173465564e-02
0.476804000 4.06931348441904803e-02
0.476826000 4.34973103821389498e-02
0.476849000 4.85779979047870278e-02
0.476872000 4.79351183308044243e-02
0.476894000 4.88350035862506263e-02
0.476917000 4.69321851206262880e-02
0.476940000 4.70425294635359592e-02
0.476963000 3.25931134369948292e-02
0.476985000 4.07953900598410843e-02
0.477008000 4.53432701920933393e-02
0.477031000 4.96262153771907938e-02
0.477054000 4.90179620729866983e-02
0.477076000 4.89931606048022855e-02
0.477099000 4.86803463356855134e-02
0.477122000 4.63340127643455321e-02
0.477145000 4.83479271883320363e-02
0.477168000 4.84467666420196619e-02
0.477190000 4.78397539284541526e-02
0.477213000 4.90771896948526548e-02
0.477236000 4.59613630994594111e-02
0.477259000 4.28065583395869018e-02
0.477281000 3.40472665476764247e-02
0.477304000 3.75308930517292277e-02
0.477327000 4.73286811196153914e-02
0.477350000 4.82892400080808318e-02
0.477373000 4.71803777385439993e-02
0.477395000 4.49735607056175116e-02
0.477418000 3.27498233110166334e-02
0.477441000 4.59714059928755456e-02
0.477464000 4.56232634648782442e-02
0.477487000 4.46888686401992752e-02
0.477509000 4.64313177178362763e-02
0.477532000 4.68743727483754979e-02
0.477555000 4.86690492264136645e-02
0.477578000 4.84951443971099391e-02
0.477601000 4.73890152144530799e-02
0.477623000 4.74247044163975812e-02
0.477646000 4.71550181012970471e-02
0.477669000 4.78141659544481512e-02
0.477692000 4.71912558351089140e-02
0.477715000 4.45740156816929675e-02
0.477737000 4.16009391914038962e-02
0.477760000 4.07725166143215398e-02
0.477783000 4.03640291394665451e-02
0.477806000 4.74764886512810819e-02
0.477829000 4.76301287536622098e-02
0.477852000 4.64414614609411427e-02
0.477874000 4.67336755131012999e-02
0.477897000 4.72644522261521718e-02
0.477920000 4.73243851148297118e-02
0.477943000 4.66315072992853352e-02
0.477966000 4.52996258095004906e-02
0.477989000 4.60817250696187314e-02
0.478011000 4.63748569567636951e-02
0.478034000 4.70859740502988441e-02
0.478057000 4.61123174032740737e-02
0.478080000 4.00656141349894912e-02
0.478103000 4.68119031219171658e-02
0.478126000 3.73762530448721389e-02
0.478149000 4.22759291568167994e-02
0.478171000 4.55992030015390931e-02
0.478194000 4.63036629492185048e-02
0.478217000 4.53953650073169457e-02
0.478240000 4.68677003551511220e-02
0.478263000 4.61442314280657156e-02
0.478286000 4.54148679771766775e-02
0.478309000 4.44637631302842520e-02
0.478332000 4.44631349066685611e-02
0.478354000 4.46327273052412876e-02
0.478377000 4.63617667422955917e-02
0.478400000 4.60268770307962552e-02
0.478423000 4.32960742446890992e-02
0.478446000 4.23973901119860178e-02
0.478469000 2.76640552058326668e-02
0.478492000 3.61301986167453446e-02
0.478515000 4.34111351983390500e-02
0.478538000 4.05851577006959077e-02
0.478560000 4.47110508763114006e-02
0.478583000 4.62693299172576775e-02
0.478606000 4.61466854944504665e-02
0.478629000 4.60184615923033488e-02
0.478652000 4.57032975093157739e-02
0.478675000 4.61280694155700513e-02
0.478698000 4.42941153423835193e-02
0.478721000 4.23101329480212243e-02
0.478744000 4.24552790222659654e-02
0.478767000 3.77243370836045297e-02
0.478790000 3.00170104354680403e-02
0.478813000 3.02857276513403273e-02
0.478835000 4.24898489244037864e-02
0.478858000 4.61648085576129505e-02
0.478881000 4.61898239871692054e-02
0.478904000 4.26864038563830178e-02
0.478927000 4.12355380158687460e-02
0.478950000 4.60115841939758505e-02
0.478973000 4.64277169618492330e-02
0.478996000 4.08813143846417371e-02
0.479019000 3.81633503803302382e-02
0.479042000 4.58756075830884097e-02
0.479065000 3.59353303946427435e-02
0.479088000 3.52373537938826600e-02
0.479111000 3.74925256279523347e-02
0.479134000 4.62347480736501337e-02
0.479157000 4.47292296336199782e-02
0.479180000 4.38690774178190357e-02
0.479203000 4.42385730738880517e-02
0.479226000 4.33471187403611791e-02
0.479249000 3.69942071147056420e-02
0.479272000 4.17096459546621445e-02
0.479294000 4.49429694040818298e-02
0.479317000 4.63826569570721450e-02
0.479340000 4.54510418777534994e-02
0.479363000 3.89235663952169908e-02
0.479386000 3.49569181437170765e-02
0.479409000 4.23503169247983410e-02
0.479432000 4.33698282295859952e-02
0.479455000 4.62576249209242438e-02
0.479478000 4.57595682052458971e-02
0.479501000 4.63702315732869505e-02
0.479524000 4.54883947085321719e-02
0.479547000 4.60422218223057247e-02
0.479570000 4.46174605842914601e-02
0.479593000 4.64319403796956132e-02
0.479616000 4.63783994750548989e-02
0.479639000 4.68464059755457629e-02
0.479662000 4.69364653548610539e-02
0.479685000 4.69799919245432046e-02
0.479708000 4.63344901764068395e-02
0.479731000 4.51519067848910813e-02
0.479754000 4.26769005734284057e-02
0.479777000 4.62827700309257906e-02
0.479800000 4.63201989613018020e-02
0.479823000 4.48551117318005815e-02
0.479846000 4.54676587105378796e-02
0.479869000 4.80892542610102530e-02
0.479893000 4.71045034203561100e-02
0.479916000 4.63463499289011108e-02
0.479939000 4.50632331233093222e-02
0.479962000 3.93154849705608378e-02
0.479985000 3.87784703104486622e-02
0.480008000 4.02256895199199979e-02
0.480031000 4.66902511475487461e-02
0.480054000 4.64014074323881309e-02
0.480077000 4.11162280994034693e-02
0.480100000 4.32846095084538987e-02
0.480123000 3.76384842700298594e-02
0.480146000 4.40661106982192727e-02
0.480169000 4.68647070698056806e-02
0.480192000 3.75000238591884430e-02
0.480215000 4.22153109883161848e-02
0.480238000 3.88204363048417836e-02
0.480261000 4.69760808417277187e-02
0.480284000 4.72256018181620926e-02
0.480307000 4.72937294415251008e-02
0.480330000 4.88401985461061408e-02
0.480354000 4.90913210495492400e-02
0.480377000 4.61476783731409462e-02
0.480400000 4.57316912520963903e-02
0.480423000 3.71659444579847745e-02
0.480446000 4.70696677330420116e-02
0.480469000 4.80360534390823629e-02
0.480492000 4.79555525820406572e-02
0.480515000 4.79410292799372709e-02
0.480538000 4.70450505586942069e-02
0.480561000 4.74570582768713972e-02
0.480584000 4.36264309305887110e-02
0.480607000 4.77837404532338791e-02
0.480631000 3.68395240995975717e-02
0.480654000 3.70671990771024168e-02
0.480677000 4.23650901255126708e-02
0.480700000 4.76672244371519824e-02
0.480723000 4.85869046544645661e-02
0.480746000 4.81224348604289975e-02
0.480769000 4.68044441394392038e-02
0.480792000 4.81823144849164650e-02
0.480815000 4.62499258050597245e-02
0.480839000 3.92309187915066901e-02
0.480862000 4.62103109265950066e-02
0.480885000 4.46824406837557503e-02
0.480908000 3.91479663954090382e-02
0.480931000 4.70122181671498510e-02
0.480954000 4.42368369998846628e-02
0.480977000 4.55128920367207923e-02
0.481000000 3.85664684314557596e-02
0.481024000 4.44135759180021572e-02
0.481047000 4.52554809105028474e-02
0.481070000 4.73225470735645082e-02
0.481093000 4.88364032397657008e-02
0.481116000 4.74849365169197554e-02
0.481139000 4.69267774513291228e-02
0.481162000 4.92739999133121886e-02
0.481186000 3.70480547491215950e-02
0.481209000 4.54119019828371773e-02
0.481232000 4.71680754900684271e-02
0.481255000 4.77624201832170803e-02
0.481278000 4.80641281491760997e-02
0.481301000 5.05259552261334496e-02
0.481325000 4.68571050190611932e-02
0.481348000 4.59246970952236280e-02
0.481371000 4.26232293683068350e-02
0.481394000 4.91733280654422303e-02
0.481417000 4.80680174828604992e-02
0.481440000 4.55763651507113954e-02
0.481464000 4.72418245882188920e-02
0.481487000 4.15762157577039132e-02
0.481510000 4.83080505041381322e-02
0.481533000 4.81470816044088090e-02
0.481556000 4.79049514230257129e-02
0.481580000 4.69215309542785203e-02
0.481603000 4.65161417074180308e-02
0.481626000 4.84914839034108758e-02
0.481649000 4.70723880234320408e-02
0.481672000 4.84453459158761396e-02
0.481696000 4.98591010484879041e-02
0.481719000 4.69344548646695586e-02
0.481742000 4.76540508073532709e-02
0.481765000 4.88887818448273809e-02
0.481788000 4.99260037185280739e-02
0.481812000 5.03747260268615493e-02
0.481835000 4.95606293223908728e-02
0.481858000 4.91522923996653635e-02
0.481881000 4.88311378002779309e-02
0.481904000 4.45180157464922302e-02
0.481928000 4.32352370157174232e-02
0.481951000 4.76891078215697997e-02
0.481974000 4.89089770663149598e-02
0.481997000 5.06021412650787747e-02
0.482021000 5.08268127892763655e-02
0.482044000 4.81270819484731563e-02
0.482067000 4.84033973564356595e-02
0.482090000 5.06449091405658941e-02
0.482114000 5.08593707669546466e-02
0.482137000 5.00214581063340921e-02
0.482160000 4.69859657000642403e-02
0.482183000 4.46666131953148832e-02
0.482207000 5.08235176514293049e-02
0.482230000 4.72529546239646922e-02
0.482253000 4.41835805023487529e-02
0.482276000 4.94061653186695995e-02
0.482300000 4.96635603567502221e-02
0.482323000 4.91941677669483768e-02
0.482346000 4.91453496530789985e-02
0.482369000 4.89686041172120376e-02
0.482393000 4.74324188995505561e-02
0.482416000 4.79868963493323905e-02
0.482439000 4.72887945196091772e-02
0.482462000 4.20515957637751514e-02
0.482486000 2.62915944386788135e-02
0.482509000 4.42381213420237757e-02
0.482532000 4.37160640428075689e-02
0.482556000 3.81624748017874368e-02
0.482579000 4.79043434874594845e-02
0.482602000 4.88910410540479082e-02
0.482625000 4.90160655823930896e-02
0.482649000 4.89357688804476706e-02
0.482672000 4.24564461876630189e-02
0.482695000 4.69124711316186022e-02
0.482719000 4.96169064954395458e-02
0.482742000 4.92210797363441463e-02
0.482765000 4.95088030110477223e-02
0.482789000 4.96062537124110081e-02
0.482812000 4.66215478657404855e-02
0.482835000 4.82198302509584051e-02
0.482859000 4.93386057875174339e-02
0.482882000 4.49324144796616962e-02
0.482905000 4.58568635313835252e-02
0.482928000 4.93392784112777830e-02
0.482952000 4.93626025518052874e-02
0.482975000 4.82312494462071306e-02
0.482998000 4.84706653173040403e-02
0.483022000 4.35289015803112384e-02
0.483045000 3.65714586664295446e-02
0.483068000 3.78151493202020725e-02
0.483092000 4.64554955381174112e-02
0.483115000 4.83236813895206382e-02
0.483138000 4.98968746639250477e-02
0.483162000 4.96154309194285839e-02
0.483185000 4.94160834932351745e-02
0.483209000 4.99416925300846595e-02
0.483232000 4.67832578612691619e-02
0.483255000 3.60523925996510675e-02
0.483279000 4.51505136370494442e-02
0.483302000 4.46258239508207782e-02
0.483325000 4.77701136691794301e-02
0.483349000 4.78427946561543541e-02
0.483372000 4.57796650999809374e-02
0.483395000 4.10993843624443689e-02
0.483419000 4.26047561714404666e-02
0.483442000 4.72924312288721255e-02
0.483465000 4.79344151759716758e-02
0.483489000 4.88939425806007300e-02
0.483512000 4.75052990181079882e-02
0.483536000 4.69075953820591030e-02
0.483559000 4.75306469786095365e-02
0.483582000 4.31787474658321471e-02
0.483606000 4.69349485945169259e-02
0.483629000 4.97163558282501597e-02
0.483653000 4.92603575481075501e-02
0.483676000 4.83571340995571503e-02
0.483699000 4.88227821268608989e-02
0.483723000 4.05476287624309678e-02
0.483746000 4.43646773993799648e-02
0.483770000 4.44199821016179261e-02
0.483793000 4.74320673507136262e-02
0.483816000 4.67589189593318535e-02
0.483840000 4.86567189092961816e-02
0.483863000 4.96503293716990951e-02
0.483887000 4.91507300801977756e-02
0.483910000 4.80004081000588306e-02
0.483933000 4.80600088705317799e-02
0.483957000 4.76754425165862375e-02
0.483980000 3.90972832923709226e-02
0.484004000 3.81136895355402086e-02
0.484027000 4.90290855981225515e-02
0.484051000 4.88141940334890154e-02
0.484074000 4.41540434783804919e-02
0.484097000 3.91147561931354457e-02
0.484121000 4.55749259520739913e-02
0.484144000 4.38859810160042579e-02
0.484168000 3.41698858802822608e-02
0.484191000 4.82296605669768411e-02
0.484215000 4.04289876413876093e-02
0.484238000 4.39448755131507801e-02
0.484262000 4.90831455902735886e-02
0.484285000 4.70061512304144613e-02
0.484308000 4.36021083852829033e-02
0.484332000 4.65038529440383319e-02
0.484355000 4.87770397420577706e-02
0.484379000 4.93506685345709226e-02
0.484402000 4.36757197508369291e-02
0.484426000 4.27474585777780774e-02
0.484449000 3.62834024017434226e-02
0.484473000 4.34729308244414178e-02
0.484496000 4.60099368689666569e-02
0.484520000 4.69909321013055534e-02
0.484543000 4.15144264744123151e-02
0.484567000 4.64895796192032057e-02
0.484590000 4.72551066221064339e-02
0.484614000 4.95909280105416711e-02
0.484637000 4.82079554310651526e-02
0.484660000 4.86447525373348913e-02
0.484684000 4.68456471206235708e-02
0.484707000 4.24492844911054865e-02
0.484731000 4.90758630717633704e-02
0.484754000 4.81094112131429108e-02
0.484778000 4.65543944342594468e-02
0.484801000 4.86104318010174632e-02
0.484825000 4.90411796506645126e-02
0.484848000 4.75534539165564860e-02
0.484872000 4.48581667410801119e-02
0.484896000 4.75589562452634271e-02
0.484919000 4.84867231616515973e-02
0.484943000 4.59103339926344237e-02
0.484966000 3.81803778527516693e-02
0.484990000 4.62445566134961628e-02
0.485013000 4.39785453301060614e-02
0.485037000 4.16095268713688807e-02
0.485060000 4.25817209391730137e-02
0.485084000 4.52499238026359482e-02
0.485107000 4.48279896886037560e-02
0.485131000 4.78320513536165531e-02
0.485154000 4.83017815928740990e-02
0.485178000 4.87144086497675183e-02
0.485201000 4.84683912997242936e-02
0.485225000 4.82706504801721087e-02
0.485248000 4.83486632152449192e-02
0.485272000 4.56711623904928893e-02
0.485296000 4.32715100521234852e-02
0.485319000 4.56880789364376289e-02
0.485343000 4.58687396209447665e-02
0.485366000 4.75198006960155309e-02
0.485390000 4.01902021342456922e-02
0.485413000 4.68555309312723850e-02
0.485437000 4.69198871660733777e-02
0.485460000 4.60064669400106693e-02
0.485484000 4.76170480869790164e-02
0.485508000 4.39783729068382451e-02
0.485531000 4.45517621951658643e-02
0.485555000 4.61531979895490954e-02
0.485578000 4.63060580973054733e-02
0.485602000 4.43144786839655483e-02
0.485625000 3.80658935762097361e-02
0.485649000 4.48970403477792976e-02
0.485673000 3.24538706212457659e-02
0.485696000 3.21820664264979919e-02
0.485720000 3.74701632664235298e-02
0.485743000 3.65572510191598740e-02
0.485767000 4.40408140856096628e-02
0.485791000 4.49036090195100712e-02
0.485814000 4.46364462837969961e-02
0.485838000 4.40113806394870147e-02
0.485861000 4.03464509477327385e-02
0.485885000 3.94494243099598602e-02
0.485909000 4.38419085669705527e-02
0.485932000 4.29476483375137510e-02
0.485956000 3.95608275618785990e-02
0.485979000 4.15690335989975235e-02
0.486003000 4.31996240968858455e-02
0.486027000 4.06262037746443830e-02
0.486050000 3.59829769337908500e-02
0.486074000 3.99502464888950581e-02
0.486098000 2.91800391952686429e-02
0.486121000 2.65471305450624244e-02
0.486145000 3.59746376287372951e-02
0.486169000 3.39500342276700395e-02
0.486192000 3.28691612517501702e-02
0.486216000 2.82117258134890955e-02
0.486239000 1.66731392406823144e-02
0.486263000 8.88133159771588993e-03
0.486287000 1.12263903018211646e-02
0.486310000 2.14906437914923545e-02
0.486334000 2.85395277193725740e-02
0.486358000 3.38608062728448789e-02
0.486381000 3.45203113824907037e-02
0.486405000 3.63156494679595793e-02
0.486429000 3.90540748338743388e-02
0.486452000 3.95457859386792662e-02
0.486476000 4.09972097674156308e-02
0.486500000 3.19695898394033659e-02
0.486523000 3.66570012905050244e-02
0.486547000 3.97726503673945728e-02
0.486571000 3.41975134418309110e-02
0.486594000 4.10308354508612805e-02
0.486618000 4.05541270305539367e-02
0.486642000 4.39236882670998655e-02
0.486665000 4.40419587694182296e-02
0.486689000 4.03364539874112790e-02
0.486713000 4.17773264310682818e-02
0.486736000 4.42125620607651745e-02
0.486760000 3.42625533127164233e-02
0.486784000 4.31299337348520356e-02
0.486808000 4.46535294947278533e-02
0.486831000 4.51348584926963559e-02
0.486855000 4.69526818458180159e-02
0.486879000 4.48117724871926748e-02
0.486902000 4.26495301937859436e-02
0.486926000 3.74524669449248157e-02
0.486950000 4.23132848865500066e-02
0.486973000 3.80862322291362632e-02
0.486997000 4.60719333814944704e-02
0.487021000 4.67321849706430412e-02
0.487045000 4.59266777470124857e-02
0.487068000 4.45652803550657672e-02
0.487092000 4.43490540916517267e-02
0.487116000 4.75014155118494846e-02
0.487140000 3.93354367596090021e-02
0.487163000 4.28675214154916329e-02
0.487187000 4.66291129292703277e-02
0.487211000 3.57465532012014517e-02
0.487234000 3.72337212537161150e-02
0.487258000 2.54751724774092692e-02
0.487282000 2.79004185632586305e-02
0.487306000 4.02387367492000186e-02
0.487329000 3.03063320654938170e-02
0.487353000 2.20657674462711589e-02
0.487377000 4.18003336325477037e-02
0.487401000 4.45590657559099823e-02
0.487424000 4.40626090179515942e-02
0.487448000 4.45849274249105962e-02
0.487472000 3.66597937256674181e-02
0.487496000 4.17870741748868207e-02
0.487520000 4.30197432088855886e-02
0.487543000 4.10114038545241893e-02
0.487567000 4.39083796379628605e-02
0.487591000 4.57285155355870235e-02
0.487615000 4.14039059612334795e-02
0.487638000 3.99257944427976949e-02
0.487662000 4.47594034212613137e-02
0.487686000 3.87976610200106431e-02
0.487710000 4.09429187777724871e-02
0.487734000 3.82468846599015033e-02
0.487757000 4.27334096396140561e-02
0.487781000 3.59772624950554162e-02
0.487805000 4.46916542816216122e-02
0.487829000 4.54835603363729704e-02
0.487852000 4.51360888063424559e-02
0.487876000 4.54261037968272177e-02
0.487900000 4.15043998872404174e-02
0.487924000 4.13533581784385484e-02
0.487948000 2.14694870542734249e-02
0.487972000 3.17636215617648487e-02
0.487995000 4.31882827427223850e-02
0.488019000 4.48547134580912568e-02
0.488043000 4.50025769220710609e-02
0.488067000 4.48998064809194644e-02
0.488091000 4.40070247727053013e-02
0.488114000 4.38592026140573119e-02
0.488138000 4.37553943290125216e-02
0.488162000 4.40993812719149489e-02
0.488186000 4.26957621025807685e-02
0.488210000 4.35876405296036148e-02
0.488234000 4.09320319832651783e-02
0.488257000 4.21885070920959490e-02
0.488281000 3.77988425536423325e-02
0.488305000 2.89873415714051973e-02
0.488329000 3.93171231961658985e-02
0.488353000 3.13940665107202907e-02
0.488377000 4.03535709780232926e-02
0.488400000 4.08784704186010289e-02
0.488424000 4.20924232741577628e-02
0.488448000 4.23784959283731860e-02
0.488472000 4.13542401362467643e-02
0.488496000 3.51301432575148176e-02
0.488520000 3.65537533163617784e-02
0.488544000 3.97596231515748716e-02
0.488568000 3.99984487106272643e-02
0.488591000 3.66872430531017535e-02
0.488615000 3.71218581176704157e-02
0.488639000 3.11564069599564800e-02
0.488663000 3.34513135004702380e-02
0.488687000 3.12062970504320414e-02
0.488711000 3.49100185483311454e-02
0.488735000 3.61517063542538403e-02
0.488759000 3.11538345994336642e-02
0.488782000 3.17286642275697375e-02
0.488806000 3.67259966103868837e-02
0.488830000 2.94388899297400343e-02
0.488854000 2.52155795628065116e-02
0.488878000 3.44519776066781191e-02
0.488902000 3.71562202251205440e-02
0.488926000 3.77154003280421937e-02
0.488950000 3.72132072375652781e-02
0.488974000 3.55455598680746443e-02
0.488998000 2.46037670239105978e-02
0.489021000 2.99025713900434829e-02
0.489045000 2.22523566054326910e-02
0.489069000 3.53962936620940138e-02
0.489093000 3.64222214947398301e-02
0.489117000 3.60684600281950610e-02
0.489141000 3.55266433660186634e-02
0.489165000 3.38615919358140199e-02
0.489189000 2.83008480646611722e-02
0.489213000 1.46179254622292049e-02
0.489237000 2.49975368081135803e-02
0.489261000 2.37966099500629344e-02
0.489285000 1.22059433692181495e-02
0.489309000 2.39538183335049962e-02
0.489333000 3.09501582223075805e-02
0.489356000 3.27390759407210213e-02
0.489380000 3.39537624319122266e-02
0.489404000 3.23414753417204034e-02
0.489428000 2.81501398871014039e-02
0.489452000 3.36129632029113640e-02
0.489476000 3.34469988083394704e-02
0.489500000 3.24909575894863842e-02
0.489524000 3.15623904361849172e-02
0.489548000 3.32079754191048002e-02
0.489572000 3.24543074781433738e-02
0.489596000 3.18384290712469958e-02
0.489620000 3.28284917669390344e-02
0.489644000 3.27399520857858256e-02
0.489668000 3.25401405931921850e-02
0.489692000 3.22209873252680967e-02
0.489716000 3.19494038392048110e-02
0.489740000 3.17648042783950854e-02
0.489764000 3.01483671804148104e-02
0.489788000 2.73875387014723866e-02
0.489812000 3.07903705978731859e-02
0.489836000 3.07918934081831512e-02
0.489860000 3.00023225279831204e-02
0.489884000 2.94551520165797949e-02
0.489908000 2.98979303670177318e-02
0.489932000 2.99088109170519353e-02
0.489956000 2.98682302236384506e-02
0.489980000 2.94345709373335894e-02
0.490004000 2.91962459161684978e-02
0.490028000 2.89619756715968416e-02
0.490052000 2.91955655416878818e-02
0.490076000 2.86167750998933684e-02
0.490100000 2.83471488458601553e-02
0.490124000 2.31405069257727032e-02
0.490148000 2.15970212082830029e-02
0.490172000 2.78084021617037366e-02
0.490196000 2.78320814871677071e-02
0.490220000 2.59023497620151574e-02
0.490244000 2.67194697835066650e-02
0.490268000 2.80584575702361588e-02
0.490292000 2.77222145721537049e-02
0.490316000 2.73008466707884388e-02
0.490340000 2.64788796287356680e-02
0.490364000 2.55210253512016573e-02
0.490388000 2.62213282507796665e-02
0.490412000 2.63437840786390695e-02
0.490436000 2.60683059374030718e-02
0.490461000 1.58229977778750440e-02
0.490485000 2.06656158388807999e-02
0.490509000 2.56541736498323222e-02
0.490533000 2.59094855186708731e-02
0.490557000 2.39908520595183694e-02
0.490581000 1.78652182027591866e-02
0.490605000 2.47746270055923118e-02
0.490629000 2.45129921881694461e-02
0.490653000 2.20064701328354859e-02
0.490677000 2.47069640530803054e-02
0.490701000 2.48083265705440585e-02
0.490725000 2.44245249616023737e-02
0.490749000 2.40119159176120714e-02
0.490773000 2.46510346777900867e-02
0.490798000 2.41101208268878590e-02
0.490822000 2.28972023853590417e-02
0.490846000 2.31899167932468168e-02
0.490870000 2.33771654492446641e-02
0.490894000 2.13301932758589823e-02
0.490918000 1.82460694077752096e-02
0.490942000 1.98031909870788579e-02
0.490966000 2.24292977783945545e-02
0.490990000 2.19862875469206860e-02
0.491014000 2.23279494356257886e-02
0.491039000 2.18799647819967399e-02
0.491063000 1.87163148468739403e-02
0.491087000 1.82373687622435429e-02
0.491111000 2.07282344626256478e-02
0.491135000 1.51982147085186793e-02
0.491159000 1.57335440782361662e-02
0.491183000 1.41770934787015124e-02
0.491207000 1.79581968882574113e-02
0.491232000 2.05666729231360895e-02
0.491256000 1.65426388404169636e-02
0.491280000 1.81309810345436709e-02
0.491304000 1.70406309571816232e-02
0.491328000 1.60366346125232796e-02
0.491352000 1.75083046685967567e-02
0.491376000 1.89288029725236916e-02
0.491400000 1.91078524898521986e-02
0.491425000 1.92957530600943658e-02
0.491449000 1.78002663812533886e-02
0.491473000 1.83379367533830530e-02
0.491497000 1.51996614079272941e-02
0.491521000 1.59553377892514420e-02
0.491545000 1.59012018767488682e-02
0.491570000 1.79367704713118761e-02
0.491594000 1.73646931403721311e-02
0.491618000 1.75088712370949882e-02
0.491642000 1.71078111657062271e-02
0.491666000 1.67782868401624395e-02
0.491690000 1.73735278395773587e-02
0.491715000 1.68214171643852085e-02
0.491739000 1.64719978503236539e-02
0.491763000 1.59596698515898500e-02
0.491787000 1.53140263222616823e-02
0.491811000 1.59408079765721473e-02
0.491836000 1.56185156556256366e-02
0.491860000 1.20087245949924183e-02
0.491884000 1.48518791580911098e-02
0.491908000 1.51496354754002242e-02
0.491932000 1.29066592990730727e-02
0.491957000 1.27786577306995084e-02
0.491981000 1.10940117327239830e-02
0.492005000 1.10222429643729372e-02
0.492029000 6.52785311463459101e-03
0.492053000 9.07469161407499329e-03
0.492078000 1.29431071796951101e-02
0.492102000 1.26856618605798287e-02
0.492126000 1.14719176364890939e-02
0.492150000 1.08542742019705502e-02
0.492174000 6.17348065875415481e-03
0.492199000 5.11397977469203908e-03
0.492223000 9.33722273676045218e-03
0.492247000 1.10415638562951328e-02
0.492271000 1.25060724822336228e-02
0.492296000 1.22128098727312465e-02
0.492320000 1.06249822486378567e-02
0.492344000 1.08616869448789830e-02
0.492368000 9.05523400876790015e-03
0.492393000 1.21483894403991363e-02
0.492417000 1.15628871692826738e-02
0.492441000 1.12566759336243053e-02
0.492465000 1.12148773312407794e-02
0.492490000 1.12498743369505074e-02
0.492514000 8.60997578164222899e-03
0.492538000 6.56077465361757078e-03
0.492562000 1.03517332891893774e-02
0.492587000 1.07368629329644000e-02
0.492611000 7.37329966000670710e-03
0.492635000 9.69139446823633240e-03
0.492659000 9.98574845954680254e-03
0.492684000 8.78276814183783991e-03
0.492708000 9.08980123399130008e-03
0.492732000 1.02663163247937814e-02
0.492756000 1.02095562002011350e-02
0.492781000 1.03208060452750910e-02
0.492805000 9.74257113606092143e-03
0.492829000 9.73042704049590160e-03
0.492854000 9.68320095952005661e-03
0.492878000 7.69524136734431579e-03
0.492902000 8.89133175309420737e-03
0.492927000 7.37337639281527343e-03
0.492951000 8.87385908097951259e-03
0.492975000 8.18398471678922178e-03
0.492999000 9.25169385631599735e-03
0.493024000 9.22224303591065442e-03
0.493048000 8.93954110839141960e-03
0.493072000 8.99968832907220746e-03
0.493097000 8.90306764043950066e-03
0.493121000 8.59891661176476196e-03
0.493145000 8.09535144458270461e-03
0.493170000 6.22528865480022689e-03
0.493194000 7.99646391648732406e-03
0.493218000 7.71393783596103014e-03
0.493243000 8.10341416278610727e-03
0.493267000 7.97794205147856796e-03
0.493291000 8.06207145532186926e-03
0.493316000 7.86221161519706779e-03
0.493340000 6.71036518096218820e-03
0.493364000 7.53438499911314712e-03
0.493389000 7.70754233681640501e-03
0.493413000 7.43910468518613546e-03
0.493437000 7.17867997513382556e-03
0.493462000 4.88881020007209989e-03
0.493486000 6.04678144725922812e-03
0.493510000 6.49898025121160676e-03
0.493535000 3.32058364385905700e-03
0.493559000 4.72845604891139470e-03
0.493583000 6.85040768265781762e-03
0.493608000 6.83652678445891091e-03
0.493632000 6.64441583004769798e-03
0.493657000 6.65749869254513797e-03
0.493681000 6.39129678077474724e-03
0.493705000 5.88322718703159202e-03
0.493730000 5.34875681241425878e-03
0.493754000 5.86555671389894350e-03
0.493778000 5.33929327479146319e-03
0.493803000 5.99028916345186770e-03
0.493827000 5.80381979885864416e-03
0.493852000 5.15320582443645325e-03
0.493876000 4.05819635045173276e-03
0.493900000 5.32359199566223573e-03
0.493925000 5.23776432501990314e-03
0.493949000 4.11016434280471899e-03
0.493974000 4.56925517638645442e-03
0.493998000 4.66212070475902334e-03
0.494022000 3.14942149714573334e-03
0.494047000 4.18853269649399704e-03
0.494071000 3.94216293139420821e-03
0.494096000 3.87064977619467872e-03
0.494120000 3.79115480397601784e-03
0.494144000 4.48192032797208040e-03
0.494169000 4.72115225815594990e-03
0.494193000 4.55067386617346789e-03
0.494218000 4.53266808207890368e-03
0.494242000 4.47610936374593336e-03
0.494267000 4.38078369005003541e-03
0.494291000 4.24932194580253213e-03
0.494315000 4.18021487913353227e-03
0.494340000 4.12827597079375337e-03
0.494364000 3.91898819848039530e-03
0.494389000 2.78208795115406733e-03
0.494413000 3.78174969950518343e-03
0.494438000 3.83787702090960213e-03
0.494462000 3.67743184931824257e-03
0.494486000 3.66104422686835051e-03
0.494511000 3.58205226138953465e-03
0.494535000 3.48486107015720525e-03
0.494560000 3.29949305371263430e-03
0.494584000 3.23947649358720564e-03
0.494609000 3.19347414342108617e-03
0.494633000 3.16418299774213086e-03
0.494658000 3.02652123889295219e-03
0.494682000 2.39615221409881715e-03
0.494707000 2.45624212976433944e-03
0.494731000 2.65079746266048315e-03
0.494756000 2.42721699436151961e-03
0.494780000 1.77045758868408783e-03
0.494805000 2.52944156908216063e-03
0.494829000 2.53746735671824160e-03
0.494854000 2.47131144249513940e-03
0.494878000 2.37139584756859310e-03
0.494903000 2.21100417532524209e-03
0.494927000 2.23324759871046039e-03
0.494951000 2.17318809614229546e-03
0.494976000 2.11150261695817890e-03
0.495000000 2.12162668185153025e-03
0.495025000 2.11325970819219297e-03
0.495050000 1.99748739277595981e-03
0.495074000 1.98166106257252226e-03
0.495099000 1.94163708106337256e-03
0.495123000 1.87770163868956723e-03
0.495148000 1.39238274350040507e-03
0.495172000 1.74068189153484725e-03
0.495197000 1.76775635971991411e-03
0.495221000 1.76995972702496105e-03
0.495246000 1.74946365738528091e-03
0.495270000 1.68995684846471434e-03
0.495295000 1.64715877583222151e-03
0.495319000 1.63917659587622098e-03
0.495344000 1.58955755820307308e-03
0.495368000 1.39107653935080728e-03
0.495393000 1.31710054978784771e-03
0.495417000 1.35407873111035768e-03
0.495442000 1.37804223938606837e-03
0.495466000 1.19874485528940664e-03
0.495491000 1.42784476934821616e-03
0.495516000 1.35503296601092635e-03
0.495540000 1.32568104243933741e-03
0.495565000 1.29985499133489679e-03
0.495589000 1.15226972880420821e-03
0.495614000 9.63838334270550540e-04
0.495638000 1.17196342333714056e-03
0.495663000 1.22391158899214959e-03
0.495688000 1.17502861991745466e-03
0.495712000 1.14231710291620193e-03
0.495737000 1.08471587362661396e-03
0.495761000 1.07595435721239644e-03
0.495786000 1.03936813661957713e-03
0.495810000 9.75573060347618157e-04
0.495835000 8.69126041419057758e-04
0.495860000 4.66588633761655608e-04
0.495884000 2.87991429943266185e-04
0.495909000 3.21994740514419838e-04
0.495933000 6.69993381563524287e-04
0.495958000 7.92588898864801054e-04
0.495983000 8.44621685347972536e-04
0.496007000 8.71366353130966680e-04
0.496032000 8.55070381171136847e-04
0.496056000 7.93168851473005404e-04
0.496081000 8.54455914981570711e-04
0.496106000 8.29494136649320613e-04
0.496130000 8.17046613774976681e-04
0.496155000 7.97570124462719261e-04
0.496179000 7.74814657536280062e-04
0.496204000 7.80061034302623321e-04
0.496229000 7.14502203237979720e-04
0.496253000 7.04323277352779603e-04
0.496278000 7.29035517573998365e-04
0.496303000 7.06366734307574211e-04
0.496327000 6.35209811591803497e-04
0.496352000 6.63824452432485172e-04
0.496376000 6.25913753914618420e-04
0.496401000 5.51047235814718377e-04
0.496426000 6.32981117675651033e-04
0.496450000 6.22010420529592908e-04
0.496475000 6.28567873198471660e-04
0.496500000 5.98875736519522252e-04
0.496524000 5.90479022273355560e-04
0.496549000 5.64963134091845949e-04
0.496574000 5.63956995634010572e-04
0.496598000 5.46407508888189348e-04
0.496623000 4.91048020151573124e-04
0.496648000 4.60409302729091906e-04
0.496672000 4.85448811815646639e-04
0.496697000 5.12627245617219905e-04
0.496722000 4.27418033757654380e-04
0.496746000 2.88689723159974571e-04
0.496771000 4.32524130366499220e-04
0.496796000 4.62330841437026718e-04
0.496820000 4.56322789409712023e-04
0.496845000 4.61513297475701825e-04
0.496870000 4.33185523061494285e-04
0.496894000 4.10649507243417264e-04
0.496919000 3.47261906155794031e-04
0.496944000 3.61964214968401199e-04
0.496968000 3.88138307737554680e-04
0.496993000 3.20452110134021248e-04
0.497018000 3.41982595272848707e-04
0.497043000 3.90651567166692786e-04
0.497067000 3.83773947430766720e-04
0.497092000 3.84864230876089412e-04
0.497117000 3.21692267603017269e-04
0.497141000 2.87658365885005117e-04
0.497166000 3.39283556246629280e-04
0.497191000 2.66259881987011067e-04
0.497216000 3.19795420048390327e-04
0.497240000 3.36673338153691091e-04
0.497265000 2.88519337692606510e-04
0.497290000 3.00924878101777049e-04
0.497315000 3.19144773790508494e-04
0.497339000 3.11299737508263297e-04
0.497364000 3.15152348639736026e-04
0.497389000 3.04969044300646905e-04
0.497413000 2.95100671635649186e-04
0.497438000 2.35430357203535591e-04
0.497463000 2.42539577271496721e-04
0.497488000 2.79952426428818667e-04
0.497512000 2.78913154020031800e-04
0.497537000 2.80176994594429421e-04
0.497562000 2.64165963203252850e-04
0.497587000 2.50489258365741568e-04
0.497611000 2.59861181671355271e-04
0.497636000 2.61375653241473389e-04
0.497661000 2.42946078625716141e-04
0.497686000 2.25714302701848736e-04
0.497711000 2.40580892264100662e-04
0.497735000 2.28714898744296439e-04
0.497760000 1.99821633735489660e-04
0.497785000 2.16925573254163242e-04
0.497810000 2.20580557878592395e-04
0.497834000 2.20443492100224112e-04
0.497859000 2.23099239675512306e-04
0.497884000 2.14344596641158754e-04
0.497909000 1.92091187369826849e-04
0.497934000 2.03164014725228125e-04
0.497958000 1.80863820757299221e-04
0.497983000 1.66562631319350430e-04
0.498008000 1.41430187347790987e-04
0.498033000 1.93964400384404235e-04
0.498058000 1.83831585389334414e-04
0.498082000 1.79791857576921287e-04
0.498107000 1.76460446281902304e-04
0.498132000 1.75625768820854446e-04
0.498157000 1.18744204263867797e-04
0.498182000 1.62370753530427297e-04
0.498206000 1.73115594482505729e-04
0.498231000 1.76602014555275782e-04
0.498256000 1.71122210116902372e-04
0.498281000 1.63734735990319187e-04
0.498306000 1.12580699899499084e-04
0.498331000 1.37765442504896013e-04
0.498355000 1.49586866524476034e-04
0.498380000 1.09771828125220514e-04
0.498405000 1.06280998163297492e-04
0.498430000 1.18929922712412539e-04
0.498455000 1.10387510392445645e-04
0.498480000 1.13908494378329650e-04
0.498504000 1.22535184084477945e-04
0.498529000 8.50882654568891727e-05
0.498554000 9.90330710982709596e-05
0.498579000 1.36012446637120868e-04
0.498604000 1.29915685021533589e-04
0.498629000 1.36259270747505861e-04
0.498654000 1.05021928276527907e-04
0.498679000 8.58140003687231476e-05
0.498703000 9.16588137919698421e-05
0.498728000 1.19402584200216936e-04
0.498753000 1.07721921340951321e-04
0.498778000 1.16803889671619280e-04
0.498803000 1.24004346222135692e-04
0.498828000 1.15213850230061157e-04
0.498853000 1.19478469091785012e-04
0.498878000 1.15731365425189681e-04
0.498902000 1.14059122416417620e-04
0.498927000 1.13354050883932646e-04
0.498952000 1.09527734110494585e-04
0.498977000 1.10642648700230606e-04
0.499002000 1.10718006648398648e-04
0.499027000 8.37976934263225446e-05
0.499052000 8.47604626094644430e-05
0.499077000 1.04398948592395943e-04
0.499102000 1.04421392245787319e-04
0.499127000 9.98712786166661761e-05
0.499151000 9.93056842269205364e-05
0.499176000 9.30401569484287172e-05
0.499201000 9.44724181903264563e-05
0.499226000 8.87419794501527877e-05
0.499251000 5.16084968880101461e-05
0.499276000 7.22548606745460807e-05
0.499301000 9.13826521803376619e-05
0.499326000 8.55580604063217460e-05
0.499351000 8.91013476210150755e-05
0.499376000 8.53088522871668300e-05
0.499401000 8.58616312431927098e-05
0.499426000 8.38963640549262717e-05
0.499451000 8.38585797504191627e-05
0.499476000 7.10629261577821716e-05
0.499500000 6.91731128146924531e-05
0.499525000 7.19308569848447528e-05
0.499550000 5.25307558250835102e-05
0.499575000 7.28323366995163140e-05
0.499600000 7.68485512323388749e-05
0.499625000 7.51853417575580233e-05
0.499650000 7.32983473745223645e-05
0.499675000 7.05342798050940243e-05
0.499700000 6.74955756347935784e-05
0.499725000 6.98293179112935750e-05
0.499750000 6.87848248207631875e-05
0.499775000 6.56551609173794317e-05
0.499800000 6.57602221958877950e-05
0.499825000 5.43468975361516740e-05
0.499850000 5.80190952554565119e-05
0.499875000 6.52496378059081838e-05
0.499900000 6.43997635012802020e-05
0.499925000 6.23043811087765274e-05
0.499950000 5.42396674890034824e-05
0.499975000 5.42555953553292057e-05
0.500000000 6.01623789150763965e-05
0.500025000 5.88514017286732725e-05
0.500050000 5.13656692979723101e-05
0.500075000 4.63495427940386991e-05
0.500100000 4.18665624921804466e-05
0.500125000 5.49047587424197247e-05
0.500150000 2.72285068276042595e-05
