# wavelength_um solar_response_weight_W_m2_at_1au
0.827061000 3.67033311931302370e-05
0.827130000 7.30774523422045785e-05
0.827198000 7.36965602266264220e-05
0.827267000 7.72312408920649825e-05
0.827335000 7.89089123069311286e-05
0.827404000 8.08847711970802968e-05
0.827472000 8.24085708984984255e-05
0.827541000 8.45544020541224206e-05
0.827609000 8.51732552048049401e-05
0.827678000 8.59491487232365661e-05
0.827746000 9.07673548508937118e-05
0.827815000 8.89690365357674346e-05
0.827883000 9.39652986779544925e-05
0.827952000 9.70320047305576902e-05
0.828020000 9.92765722818163938e-05
0.828089000 1.00068301584987294e-04
0.828157000 1.03149744979479362e-04
0.828226000 1.05919975819391058e-04
0.828295000 1.07358744722928383e-04
0.828363000 1.09366354738073480e-04
0.828432000 1.11170730617653435e-04
0.828500000 1.12390348446127678e-04
0.828569000 1.15497643974913307e-04
0.828638000 1.16836057478465120e-04
0.828706000 1.17626706191953508e-04
0.828775000 1.20667072607014546e-04
0.828844000 1.22846358386464273e-04
0.828912000 1.24148596148060934e-04
0.828981000 1.24890298783125931e-04
0.829050000 1.30517540493438035e-04
0.829119000 1.31342245991790228e-04
0.829187000 1.32150031056066613e-04
0.829256000 1.37704593433384865e-04
0.829325000 1.41713004130782511e-04
0.829394000 1.44754609409927906e-04
0.829463000 1.45903413412014300e-04
0.829531000 1.44583386923764561e-04
0.829600000 1.45679251878480488e-04
0.829669000 1.56881328600390324e-04
0.829738000 1.60564693544109190e-04
0.829807000 1.64930407975637683e-04
0.829876000 1.66656645245514596e-04
0.829944000 1.70876432344086105e-04
0.830013000 1.74540104479219078e-04
0.830082000 1.77000965453477682e-04
0.830151000 1.83751459475065020e-04
0.830220000 1.87232352206904361e-04
0.830289000 1.93424221321415062e-04
0.830358000 1.97089072691027280e-04
0.830427000 2.02283478756909104e-04
0.830496000 2.06285128105265200e-04
0.830565000 2.07830441773719109e-04
0.830634000 2.15954422760282781e-04
0.830703000 2.19810538742807281e-04
0.830772000 2.16460274006121365e-04
0.830841000 2.24468715651892313e-04
0.830910000 2.32888876560759901e-04
0.830979000 2.39908177714801148e-04
0.831048000 2.48035064503204609e-04
0.831117000 2.53489072282523525e-04
0.831186000 2.53960493064307334e-04
0.831255000 2.41587681886231700e-04
0.831324000 2.65333401190033210e-04
0.831393000 2.78432332330558478e-04
0.831463000 2.85208575238039667e-04
0.831532000 2.89691204835765606e-04
0.831601000 2.97566431404785461e-04
0.831670000 3.03338445078208557e-04
0.831739000 3.10264236656739706e-04
0.831808000 3.18654426463398533e-04
0.831878000 3.28382107713246581e-04
0.831947000 3.32350878011437834e-04
0.832016000 3.38708311342968452e-04
0.832085000 3.48866003710702620e-04
0.832154000 3.60423020536824426e-04
0.832224000 3.68817820326515879e-04
0.832293000 3.75073986377774833e-04
0.832362000 3.85095291734213134e-04
0.832432000 3.99632341778822988e-04
0.832501000 4.07588618391437302e-04
0.832570000 4.19621182511125367e-04
0.832639000 4.31556276869253584e-04
0.832709000 4.42888684329004602e-04
0.832778000 4.56899803343074602e-04
0.832848000 4.67938864114596925e-04
0.832917000 3.89807129665910269e-04
0.832986000 4.60271351107869122e-04
0.833056000 5.09053306159116159e-04
0.833125000 5.12325344529061962e-04
0.833194000 5.38916369533437556e-04
0.833264000 5.50514602740957400e-04
0.833333000 5.62487915382477253e-04
0.833403000 5.00776149066329028e-04
0.833472000 5.64670511817650517e-04
0.833542000 6.12707538327817857e-04
0.833611000 6.27774368837470328e-04
0.833681000 6.24736572953422204e-04
0.833750000 5.93789123029591129e-04
0.833820000 6.75995675323746233e-04
0.833889000 6.99778731370215117e-04
0.833959000 7.16691963221855561e-04
0.834028000 7.26165058370533746e-04
0.834098000 7.51087675773496949e-04
0.834168000 6.84321519112281369e-04
0.834237000 7.99616063921372707e-04
0.834307000 8.31174049052499321e-04
0.834376000 8.59887257134531592e-04
0.834446000 8.75959751071769062e-04
0.834516000 8.85660265332903897e-04
0.834585000 9.23116208929008726e-04
0.834655000 9.64097926408059229e-04
0.834725000 9.82420581783985478e-04
0.834794000 9.39803735388458151e-04
0.834864000 9.12206089640559882e-04
0.834934000 1.04737935102785606e-03
0.835003000 1.09166590468388739e-03
0.835073000 1.12172879960423244e-03
0.835143000 1.15173355990305995e-03
0.835213000 1.20251466391322779e-03
0.835282000 1.24060068732371326e-03
0.835352000 1.29220289056590130e-03
0.835422000 1.33066449910775584e-03
0.835492000 1.35731947209576011e-03
0.835561000 1.39937817194504301e-03
0.835631000 1.44926884264206472e-03
0.835701000 1.49510261044642832e-03
0.835771000 1.53937111578996777e-03
0.835841000 1.58113620452036085e-03
0.835911000 1.62444996847390028e-03
0.835981000 1.65933606739720541e-03
0.836050000 1.67734744174729070e-03
0.836120000 1.75908915792294374e-03
0.836190000 1.83920966019893791e-03
0.836260000 1.84624405353059503e-03
0.836330000 1.83439795199224044e-03
0.836400000 2.01309255012454202e-03
0.836470000 2.06788370854192301e-03
0.836540000 2.13235110553491782e-03
0.836610000 2.15347031560756460e-03
0.836680000 2.22027268905944895e-03
0.836750000 2.23858840068168067e-03
0.836820000 2.24172201352422626e-03
0.836890000 2.46402885375864369e-03
0.836960000 2.54240659495121382e-03
0.837030000 2.60924234541719561e-03
0.837100000 2.69089694250969737e-03
0.837170000 2.75382584929563697e-03
0.837240000 2.85599594035259056e-03
0.837311000 2.96857500032825456e-03
0.837381000 3.01723180251121156e-03
0.837451000 3.11208845640125690e-03
0.837521000 3.19550587072183097e-03
0.837591000 3.31766522412333103e-03
0.837661000 3.40983041720969039e-03
0.837731000 3.59026803086407277e-03
0.837802000 3.70420289711136282e-03
0.837872000 3.76350122221723489e-03
0.837942000 3.88249889049767198e-03
0.838012000 3.85240866879501273e-03
0.838082000 4.13714650545063140e-03
0.838153000 4.30172223291060921e-03
0.838223000 4.41533181999056654e-03
0.838293000 4.59910011405727324e-03
0.838364000 4.75493349354260287e-03
0.838434000 4.80357716395445836e-03
0.838504000 4.73622872254083217e-03
0.838574000 5.18139733179897276e-03
0.838645000 5.41865957812701169e-03
0.838715000 5.54442978464500785e-03
0.838785000 5.78728142390440466e-03
0.838856000 5.92476800190283853e-03
0.838926000 6.07694691556346332e-03
0.838997000 5.00900827281728755e-03
0.839067000 6.09740033463888973e-03
0.839137000 6.65893977958397030e-03
0.839208000 6.87366896335910721e-03
0.839278000 7.01420639778368993e-03
0.839349000 7.23188278979713158e-03
0.839419000 7.45198348753183925e-03
0.839490000 7.63224055972343794e-03
0.839560000 7.81575951716985233e-03
0.839631000 7.95344953594888035e-03
0.839701000 8.09308077130876935e-03
0.839772000 8.22167374589793248e-03
0.839842000 8.49945006180158336e-03
0.839913000 8.39535401757865278e-03
0.839983000 8.82346634314756274e-03
0.840054000 9.01708389393714345e-03
0.840124000 9.22657215600024977e-03
0.840195000 9.50022665491126288e-03
0.840266000 9.64169118448094699e-03
0.840336000 9.59468773385122389e-03
0.840407000 9.68656068594021813e-03
0.840477000 1.01384606990869760e-02
0.840548000 1.04562528708288995e-02
0.840619000 1.05705358335162081e-02
0.840689000 1.06545320445110264e-02
0.840760000 1.10091883704923430e-02
0.840831000 1.11947541368219699e-02
0.840901000 1.14382544038236916e-02
0.840972000 1.16970663473736584e-02
0.841043000 1.19217496739814355e-02
0.841114000 1.20873981968295709e-02
0.841184000 1.23647828078875394e-02
0.841255000 1.26575330242805414e-02
0.841326000 1.28783929227511383e-02
0.841397000 1.30137224825354544e-02
0.841468000 1.25586500685726174e-02
0.841538000 1.34901323597304054e-02
0.841609000 1.37337809947535600e-02
0.841680000 1.40574445489325597e-02
0.841751000 1.42928671443366077e-02
0.841822000 1.45890021756351108e-02
0.841893000 1.46824094719100566e-02
0.841963000 1.47884085019582886e-02
0.842034000 1.54049816016162671e-02
0.842105000 1.56032283494735233e-02
0.842176000 1.56405528894386012e-02
0.842247000 1.61172056118761807e-02
0.842318000 1.64753644561654693e-02
0.842389000 1.66462206093994126e-02
0.842460000 1.70178675941455547e-02
0.842531000 1.66523437133353283e-02
0.842602000 1.73031757199904636e-02
0.842673000 1.74112099451053867e-02
0.842744000 1.82930248558388388e-02
0.842815000 1.82152988639665420e-02
0.842886000 1.75277154065204450e-02
0.842957000 1.90026911786725129e-02
0.843028000 1.95896779397192640e-02
0.843099000 1.99259433246642206e-02
0.843170000 2.02326227215906679e-02
0.843241000 2.06723982922871925e-02
0.843313000 2.10335464169555224e-02
0.843384000 2.11936826033162287e-02
0.843455000 2.15379188389431507e-02
0.843526000 2.19262654231776183e-02
0.843597000 2.22864173247491679e-02
0.843668000 2.18431519865340332e-02
0.843739000 2.05425978302481195e-02
0.843811000 2.17671701584840720e-02
0.843882000 2.36335745429532527e-02
0.843953000 2.37371075184260490e-02
0.844024000 2.45055349349249732e-02
0.844096000 2.45884773498169368e-02
0.844167000 2.29640023435295007e-02
0.844238000 2.44853117117249282e-02
0.844309000 2.59097769829935293e-02
0.844381000 2.62621795802878803e-02
0.844452000 2.67196884635480213e-02
0.844523000 2.73572965487280453e-02
0.844595000 2.70576942038461693e-02
0.844666000 2.72005921949524214e-02
0.844737000 2.84933478130531756e-02
0.844809000 2.81204745555226031e-02
0.844880000 2.56823485494102124e-02
0.844951000 2.90469898785968364e-02
0.845023000 3.00959749553487907e-02
0.845094000 3.06372690428784629e-02
0.845166000 3.09758501891550762e-02
0.845237000 3.09340750984930628e-02
0.845309000 3.15733113442605157e-02
0.845380000 3.20432323290363724e-02
0.845451000 3.26892423484655276e-02
0.845523000 3.32122848206446303e-02
0.845594000 3.32883193207535594e-02
0.845666000 3.39828516496666275e-02
0.845737000 3.43313320583190501e-02
0.845809000 3.49330557096303035e-02
0.845881000 3.50419002295868642e-02
0.845952000 3.54357692205442970e-02
0.846024000 3.59436867359068726e-02
0.846095000 3.63612379755942766e-02
0.846167000 3.67658312671399617e-02
0.846238000 3.71322647602000747e-02
0.846310000 3.79713113321532569e-02
0.846382000 3.80401794729201617e-02
0.846453000 3.85805276180609183e-02
0.846525000 3.92249889855576309e-02
0.846597000 3.90821116734489660e-02
0.846668000 3.97258538626313190e-02
0.846740000 3.98952785497984561e-02
0.846812000 3.99012621085009303e-02
0.846883000 4.03505800678226195e-02
0.846955000 4.13011394839778306e-02
0.847027000 3.91401512412244412e-02
0.847099000 3.64802909745912535e-02
0.847170000 4.22777678746288632e-02
0.847242000 4.29142391388661407e-02
0.847314000 4.33409198629161746e-02
0.847386000 4.22814386562087932e-02
0.847458000 4.30262513366760010e-02
0.847529000 4.43159499759426187e-02
0.847601000 4.44892728444718777e-02
0.847673000 4.54189857941865102e-02
0.847745000 4.58573595923177993e-02
0.847817000 4.62290115788242320e-02
0.847889000 4.64068590085666907e-02
0.847961000 4.65247467105387932e-02
0.848033000 4.69233587018456078e-02
0.848104000 4.73191851981907968e-02
0.848176000 4.79908040297189892e-02
0.848248000 4.78711871200301342e-02
0.848320000 4.79353699752004050e-02
0.848392000 4.81267121281416591e-02
0.848464000 4.84491365844990085e-02
0.848536000 4.90729725605438954e-02
0.848608000 4.97975164895426980e-02
0.848680000 5.05682751494965915e-02
0.848752000 5.08672535234665907e-02
0.848824000 5.12825616365782527e-02
0.848896000 5.20334265321507269e-02
0.848969000 5.21747014408864146e-02
0.849041000 5.16280686361081931e-02
0.849113000 5.24792415556629699e-02
0.849185000 5.29962520276988230e-02
0.849257000 5.32391754793212629e-02
0.849329000 5.34177174065388408e-02
0.849401000 5.33532695975679483e-02
0.849473000 5.36323266969763179e-02
0.849545000 5.43132094293234460e-02
0.849618000 5.40136739387793580e-02
0.849690000 5.39990993539217409e-02
0.849762000 5.36196618804292841e-02
0.849834000 5.24468448311667598e-02
0.849907000 4.73363154226664404e-02
0.849979000 3.70684952365201922e-02
0.850051000 2.76962458591854324e-02
0.850123000 4.45526852784948607e-02
0.850196000 5.18157789921934175e-02
0.850268000 5.46231222599338345e-02
0.850340000 5.53387435544912751e-02
0.850412000 5.28030796225832863e-02
0.850485000 5.48433538612495206e-02
0.850557000 5.74662185851945589e-02
0.850629000 5.86755878661426589e-02
0.850702000 5.90251709289604243e-02
0.850774000 5.96084311148465246e-02
0.850847000 6.02229954940048454e-02
0.850919000 6.02522537842207564e-02
0.850991000 6.10190853820634926e-02
0.851064000 6.13533858419146247e-02
0.851136000 6.18831652486711778e-02
0.851209000 6.20012261031070225e-02
0.851281000 6.21805843205433528e-02
0.851354000 6.32050431573092791e-02
0.851426000 6.34579784060358282e-02
0.851499000 6.43335394028555774e-02
0.851571000 6.39558759437188207e-02
0.851644000 5.47949961304064620e-02
0.851716000 6.01792842876236744e-02
0.851789000 6.25807155260109521e-02
0.851861000 6.67554076975923893e-02
0.851934000 6.63055804205891081e-02
0.852006000 6.62858896050297214e-02
0.852079000 6.60496239565042664e-02
0.852152000 6.78767361757952464e-02
0.852224000 6.84707048955840308e-02
0.852297000 6.88515601963136659e-02
0.852370000 6.83176066086169514e-02
0.852442000 6.90381653295225467e-02
0.852515000 6.96403526093966746e-02
0.852588000 6.93788848624446036e-02
0.852660000 6.98846027764796901e-02
0.852733000 6.90111282827104572e-02
0.852806000 6.87167416865840930e-02
0.852878000 6.53552739181286757e-02
0.852951000 6.78789590123010655e-02
0.853024000 6.95795472572835055e-02
0.853097000 7.06759977408861761e-02
0.853170000 7.01338746865586005e-02
0.853242000 6.97834505160656315e-02
0.853315000 7.08098605234395578e-02
0.853388000 7.03622404974496574e-02
0.853461000 7.03343707585862704e-02
0.853534000 6.97886453182671729e-02
0.853606000 6.94524151550164198e-02
0.853679000 6.95057991454852558e-02
0.853752000 6.87824816284611645e-02
0.853825000 6.47495069606923296e-02
0.853898000 6.51871727108595950e-02
0.853971000 6.53873997391187095e-02
0.854044000 6.12165201388036317e-02
0.854117000 6.01802623540290613e-02
0.854190000 5.59205408661108683e-02
0.854263000 5.01824147418460029e-02
0.854336000 4.25740121658474413e-02
0.854409000 2.69986664243417676e-02
0.854482000 2.62480241729224004e-02
0.854555000 4.27473941182631781e-02
0.854628000 5.02509383763416334e-02
0.854701000 5.61299527224761036e-02
0.854774000 6.06373156056565291e-02
0.854847000 6.37420792309670303e-02
0.854920000 6.59034681247708115e-02
0.854993000 6.67971991543538507e-02
0.855066000 6.76740585594541588e-02
0.855139000 6.92748194302285347e-02
0.855213000 7.01389773704426400e-02
0.855286000 6.94997192970934763e-02
0.855359000 7.05649301625314307e-02
0.855432000 7.12114880785076898e-02
0.855505000 7.14857529271530900e-02
0.855578000 7.21822301239958414e-02
0.855652000 7.18598643174180318e-02
0.855725000 7.11620626737383410e-02
0.855798000 7.02837797787911056e-02
0.855871000 6.65207842216106043e-02
0.855945000 6.46117874848017026e-02
0.856018000 7.18667657815469790e-02
0.856091000 7.17573308354192696e-02
0.856164000 7.16041391999697879e-02
0.856238000 7.17628518443033797e-02
0.856311000 7.16170832272826768e-02
0.856384000 7.13444428600556180e-02
0.856458000 7.05480463059406371e-02
0.856531000 7.20749083291954695e-02
0.856604000 7.23007470296954946e-02
0.856678000 7.22797423979205100e-02
0.856751000 7.22055391075309555e-02
0.856825000 7.22701057920262235e-02
0.856898000 7.19077261286335256e-02
0.856971000 7.19515894380001048e-02
0.857045000 7.19767673002359165e-02
0.857118000 7.19158083254853309e-02
0.857192000 7.19234801646511518e-02
0.857265000 7.20150898965629810e-02
0.857339000 7.16042272960198123e-02
0.857412000 6.89908607127393131e-02
0.857486000 7.17963501008462568e-02
0.857559000 7.12767214642360536e-02
0.857633000 7.17865494523031722e-02
0.857706000 7.14895643299772315e-02
0.857780000 7.17690133175962336e-02
0.857854000 7.15465119854734738e-02
0.857927000 7.17667772491942801e-02
0.858001000 7.19196942448451920e-02
0.858074000 7.18917871248714452e-02
0.858148000 7.20000070473859055e-02
0.858222000 7.18182082286546314e-02
0.858295000 7.18579518534595146e-02
0.858369000 7.21134815625519565e-02
0.858443000 6.57902549371850026e-02
0.858516000 6.86833993504754881e-02
0.858590000 7.11177286503951595e-02
0.858664000 7.18827489990007673e-02
0.858738000 7.08252831241985431e-02
0.858811000 6.99609963527296624e-02
0.858885000 7.08887662635274973e-02
0.858959000 7.18712436371878732e-02
0.859033000 7.16382809150247213e-02
0.859107000 7.12498619404627054e-02
0.859180000 7.10279613211104166e-02
0.859254000 7.18084278320835351e-02
0.859328000 7.16129207363213754e-02
0.859402000 7.12520486218970739e-02
0.859476000 7.03861230343653665e-02
0.859550000 6.70118748869031611e-02
0.859623000 7.10133363397960765e-02
0.859697000 7.17051522463187652e-02
0.859771000 7.07665591817467632e-02
0.859845000 6.75600482770322419e-02
0.859919000 6.90961829084788259e-02
0.859993000 7.01146608649086400e-02
0.860067000 6.95602698544635356e-02
0.860141000 6.72627887436571675e-02
0.860215000 7.12122995320735863e-02
0.860289000 7.13760006566676042e-02
0.860363000 7.13145711119043541e-02
0.860437000 7.10294232561544114e-02
0.860511000 7.08362996826853164e-02
0.860585000 7.11407863587431161e-02
0.860659000 7.10767322593331280e-02
0.860733000 7.11900060683651331e-02
0.860807000 7.11519577206541909e-02
0.860882000 7.06495514598784596e-02
0.860956000 6.95943691750999099e-02
0.861030000 7.04632017290349050e-02
0.861104000 7.04172633156151528e-02
0.861178000 7.08564645577198504e-02
0.861252000 6.95310711607548954e-02
0.861326000 6.98074736920593769e-02
0.861401000 6.36340262214427077e-02
0.861475000 6.84450246376573507e-02
0.861549000 7.06744386854459145e-02
0.861623000 6.83314756224492337e-02
0.861698000 7.07274350201835406e-02
0.861772000 6.99127251687623880e-02
0.861846000 6.74172754601223556e-02
0.861920000 6.96470852862453860e-02
0.861995000 7.08898722671448406e-02
0.862069000 7.02102809761784158e-02
0.862143000 7.03184449347896423e-02
0.862218000 7.08367692049623882e-02
0.862292000 7.04540976224801718e-02
0.862366000 6.68233854256943677e-02
0.862441000 6.75385055731149014e-02
0.862515000 6.91060409675533227e-02
0.862589000 7.03372797588242005e-02
0.862664000 7.04670344695893097e-02
0.862738000 7.06820909366325523e-02
0.862813000 7.06210806480118969e-02
0.862887000 7.00623234418151913e-02
0.862962000 7.05019758128389573e-02
0.863036000 7.05027826984260531e-02
0.863111000 7.02518644730485975e-02
0.863185000 7.00813958765817979e-02
0.863260000 7.05155713431682846e-02
0.863334000 7.02838413281180463e-02
0.863409000 6.98121911636568893e-02
0.863483000 6.89060703372824657e-02
0.863558000 6.97700439462328043e-02
0.863632000 6.83830882948830016e-02
0.863707000 7.02880019833039132e-02
0.863782000 7.01314643848819919e-02
0.863856000 7.00365464791360137e-02
0.863931000 6.95585101424016222e-02
0.864006000 6.99412935306143319e-02
0.864080000 6.99657969119076156e-02
0.864155000 7.03659759891948206e-02
0.864230000 6.96709536218115127e-02
0.864304000 6.98496422854415350e-02
0.864379000 7.00647599266119581e-02
0.864454000 6.93718611002588081e-02
0.864528000 6.93549059626532849e-02
0.864603000 6.99536681472342908e-02
0.864678000 7.01031981426112755e-02
0.864753000 6.95492032843156444e-02
0.864827000 6.90062529158225191e-02
0.864902000 6.91273707761313194e-02
0.864977000 6.92482720399792834e-02
0.865052000 6.19004348503103194e-02
0.865127000 6.32990404169125470e-02
0.865202000 6.83064191043058350e-02
0.865276000 6.86621140073830766e-02
0.865351000 6.89215151009393845e-02
0.865426000 6.88343805356037980e-02
0.865501000 6.83929628388252470e-02
0.865576000 6.85284120329283097e-02
0.865651000 6.75533144683499592e-02
0.865726000 6.74954266840913503e-02
0.865801000 6.74909305006557853e-02
0.865876000 6.66234486271815862e-02
0.865951000 6.58894945773584872e-02
0.866026000 6.49813199080546133e-02
0.866101000 6.32367582546033702e-02
0.866176000 6.03463410793726729e-02
0.866251000 5.57842814515500385e-02
0.866326000 4.86835334846308782e-02
0.866401000 3.48208506597540504e-02
0.866476000 2.68918213849614236e-02
0.866551000 4.47744303711421140e-02
0.866626000 5.27254968441926083e-02
0.866701000 5.83828501088278773e-02
0.866776000 6.21253749972435002e-02
0.866852000 6.43884935353557508e-02
0.866927000 6.50683812570923281e-02
0.867002000 6.56193057549881026e-02
0.867077000 6.59931335556737803e-02
0.867152000 6.70227110020820138e-02
0.867227000 6.76627808356566746e-02
0.867303000 6.68763034447655280e-02
0.867378000 6.64802043644569518e-02
0.867453000 6.68033846720795382e-02
0.867528000 6.85752671576772554e-02
0.867604000 6.83896768843524211e-02
0.867679000 6.26388352295643991e-02
0.867754000 6.27814972370120128e-02
0.867830000 6.80691562679089646e-02
0.867905000 6.84748416463400456e-02
0.867980000 6.88775256605707181e-02
0.868056000 6.89096983398595209e-02
0.868131000 6.74580391653298306e-02
0.868206000 6.47272514350420436e-02
0.868282000 6.57293487903971158e-02
0.868357000 6.80133067300644489e-02
0.868432000 6.86453417108543185e-02
0.868508000 6.80358038967064649e-02
0.868583000 6.78872936173494229e-02
0.868659000 6.88811908464715406e-02
0.868734000 6.89116828236930601e-02
0.868810000 6.81458174671500244e-02
0.868885000 6.48151017518310973e-02
0.868961000 6.78788948252072449e-02
0.869036000 6.38114197731338567e-02
0.869112000 5.08609695716666435e-02
0.869187000 6.59996722204147096e-02
0.869263000 6.77844445475748458e-02
0.869338000 6.87008195454090614e-02
0.869414000 6.90502391993804976e-02
0.869490000 6.82501931055043143e-02
0.869565000 6.84848900043980441e-02
0.869641000 6.71937133105337675e-02
0.869716000 6.64172214983863446e-02
0.869792000 6.90255697370405485e-02
0.869868000 6.86515739257048396e-02
0.869943000 6.85360304322112091e-02
0.870019000 6.90881098286414558e-02
0.870095000 6.75165096566583689e-02
0.870171000 6.29119539901343977e-02
0.870246000 6.70978003571632148e-02
0.870322000 6.81806435268077632e-02
0.870398000 6.88042147810673105e-02
0.870474000 6.79215685646730460e-02
0.870549000 6.77113707780229584e-02
0.870625000 6.79152526920670241e-02
0.870701000 6.89101336726822972e-02
0.870777000 6.88265626120007218e-02
0.870853000 6.83258858643270850e-02
0.870928000 6.80204304025735507e-02
0.871004000 6.86261480599251877e-02
0.871080000 6.89670916941101386e-02
0.871156000 6.87879108207568035e-02
0.871232000 6.49276577212174882e-02
0.871308000 6.37684438377863344e-02
0.871384000 6.85499845944841507e-02
0.871460000 6.66043486214978192e-02
0.871536000 6.15192771528088114e-02
0.871612000 6.67549650539341205e-02
0.871688000 6.87059582264832880e-02
0.871764000 6.87445699566209129e-02
0.871840000 6.86588247072088403e-02
0.871916000 6.83444173512377934e-02
0.871992000 6.38506086489010471e-02
0.872068000 6.44513286678934649e-02
0.872144000 6.80087030870063780e-02
0.872220000 6.84516372332607537e-02
0.872296000 6.83995925642031932e-02
0.872372000 6.84741641482476820e-02
0.872448000 6.85235967233295690e-02
0.872524000 6.84252717118080389e-02
0.872600000 6.83254563971777279e-02
0.872676000 6.86230577513438633e-02
0.872753000 6.85478985233601013e-02
0.872829000 6.82866289650964770e-02
0.872905000 6.82395110608797623e-02
0.872981000 6.62461563285200311e-02
0.873057000 6.16681020510463432e-02
0.873134000 6.58924090828637565e-02
0.873210000 6.73857900690485179e-02
0.873286000 6.80710388395871641e-02
0.873362000 6.86816843148016359e-02
0.873439000 6.88907179772586531e-02
0.873515000 6.81304348627140149e-02
0.873591000 6.85682125300161038e-02
0.873668000 6.83406708593020246e-02
0.873744000 6.68365356033513852e-02
0.873820000 5.82008938063207984e-02
0.873897000 6.21701602376807244e-02
0.873973000 6.66435502141809327e-02
0.874049000 6.79304751474534146e-02
0.874126000 6.79149206965981994e-02
0.874202000 6.79830612573739113e-02
0.874279000 6.71167894179248714e-02
0.874355000 6.64229449206518996e-02
0.874432000 6.50006643521940652e-02
0.874508000 6.13710410732850181e-02
0.874585000 6.69126881075606389e-02
0.874661000 6.70790718857441903e-02
0.874738000 6.69011926693826170e-02
0.874814000 6.65378891082155643e-02
0.874891000 6.66138478576121240e-02
0.874967000 6.50280786960202584e-02
0.875044000 6.56443148558602113e-02
0.875120000 6.58223014944414875e-02
0.875197000 6.58376402926579146e-02
0.875274000 6.48299391074354664e-02
0.875350000 6.29735937695821840e-02
0.875427000 5.70798106010523207e-02
0.875503000 6.23843339174768585e-02
0.875580000 6.46616589709203826e-02
0.875657000 6.43114266008202873e-02
0.875733000 6.41519551203256627e-02
0.875810000 6.38550995109134489e-02
0.875887000 6.33746210319470205e-02
0.875964000 5.60188088917529664e-02
0.876040000 6.29059539110392030e-02
0.876117000 6.32065565937849905e-02
0.876194000 6.27223795639453019e-02
0.876271000 6.19378198506981559e-02
0.876347000 6.14550471044539512e-02
0.876424000 6.12900285654047403e-02
0.876501000 6.09126143021657129e-02
0.876578000 5.82928454487494849e-02
0.876655000 5.30703744416295697e-02
0.876732000 5.86582599694406223e-02
0.876808000 5.84559055740062894e-02
0.876885000 5.71475415544241139e-02
0.876962000 5.77142512273149944e-02
0.877039000 5.74951758668777249e-02
0.877116000 5.71734740226179303e-02
0.877193000 5.66515963502988093e-02
0.877270000 5.57171374720724019e-02
0.877347000 5.52407406574801016e-02
0.877424000 5.51644144167533629e-02
0.877501000 5.06931961975070206e-02
0.877578000 5.00928274327760992e-02
0.877655000 4.90298828835081871e-02
0.877732000 5.35096552079684443e-02
0.877809000 5.31478627060226472e-02
0.877886000 5.28306844045464061e-02
0.877963000 5.24366760031028736e-02
0.878040000 5.19497558375000071e-02
0.878117000 5.13083822977969256e-02
0.878194000 5.13835816499953121e-02
0.878272000 5.02572524444381830e-02
0.878349000 4.92457130857502506e-02
0.878426000 5.01586039471929451e-02
0.878503000 4.98362364100761804e-02
0.878580000 4.94057553173076272e-02
0.878657000 4.81869445978858196e-02
0.878735000 4.82218497924877185e-02
0.878812000 4.83856336781302576e-02
0.878889000 4.80768457996199952e-02
0.878966000 4.80344117009009128e-02
0.879044000 4.76677397545023154e-02
0.879121000 4.69114021959668240e-02
0.879198000 4.63291783559393391e-02
0.879275000 4.04818615866856316e-02
0.879353000 4.49941643168753069e-02
0.879430000 4.55623977323686910e-02
0.879507000 4.38706918074532812e-02
0.879585000 3.86039140235778372e-02
0.879662000 4.45883701482776423e-02
0.879740000 4.44587314649692034e-02
0.879817000 4.37402789964926528e-02
0.879894000 4.22537797344642724e-02
0.879972000 4.33726438146643523e-02
0.880049000 4.27342838452181364e-02
0.880127000 4.27304047044404708e-02
0.880204000 4.23764117319060593e-02
0.880282000 4.20633198321885282e-02
0.880359000 4.16953719385211863e-02
0.880437000 4.12973110700653248e-02
0.880514000 4.09323885706597973e-02
0.880592000 4.02794635543819307e-02
0.880669000 3.81226299534654992e-02
0.880747000 3.74269871032498411e-02
0.880824000 3.66011775721834520e-02
0.880902000 2.56588301064929886e-02
0.880980000 3.19953702718182020e-02
0.881057000 3.57075059589894717e-02
0.881135000 3.72040568495736468e-02
0.881213000 3.65100146995686672e-02
0.881290000 3.72528079259466863e-02
0.881368000 3.71877022315091829e-02
0.881446000 3.65918520247464699e-02
0.881523000 3.60846815623718925e-02
0.881601000 3.59966419074450525e-02
0.881679000 3.51989344310543184e-02
0.881756000 3.50565705245532919e-02
0.881834000 3.48868200961668859e-02
0.881912000 3.41342900295727517e-02
0.881990000 3.40171348039660995e-02
0.882068000 3.34860742896979646e-02
0.882145000 3.28993134182539032e-02
0.882223000 3.26350788629359567e-02
0.882301000 3.24471563356855397e-02
0.882379000 3.20093462666134684e-02
0.882457000 3.15637006803724043e-02
0.882535000 3.10503203772841650e-02
0.882613000 2.80415770278469485e-02
0.882690000 2.51374389996309872e-02
0.882768000 2.96573244069069583e-02
0.882846000 2.93412174871636733e-02
0.882924000 2.89047427111202189e-02
0.883002000 2.82994445118123009e-02
0.883080000 2.77442671671506505e-02
0.883158000 2.74990057074258713e-02
0.883236000 2.71341924072648517e-02
0.883314000 2.66752415345738979e-02
0.883392000 2.62660250319895205e-02
0.883470000 2.57973268645020973e-02
0.883548000 2.51149884140917309e-02
0.883626000 2.47629756323959650e-02
0.883704000 2.46449366156889470e-02
0.883783000 2.42278295069556990e-02
0.883861000 2.34034030400361755e-02
0.883939000 2.30276533441247586e-02
0.884017000 2.24010132854754705e-02
0.884095000 1.98987426479373050e-02
0.884173000 2.19728367377180593e-02
0.884251000 2.17498485684879013e-02
0.884330000 2.12784521043073889e-02
0.884408000 2.07181020663294267e-02
0.884486000 2.03239750405563649e-02
0.884564000 2.01218143443276966e-02
0.884643000 1.97707135116645324e-02
0.884721000 1.91619743454244790e-02
0.884799000 1.88590397620235981e-02
0.884877000 1.79896447868621058e-02
0.884956000 1.75515527193601424e-02
0.885034000 1.77451659966863795e-02
0.885112000 1.74844947799449174e-02
0.885191000 1.71315584763690153e-02
0.885269000 1.66778264827683112e-02
0.885347000 1.64284179767728022e-02
0.885426000 1.60539524019956623e-02
0.885504000 1.57160573061144275e-02
0.885583000 1.53544185607346374e-02
0.885661000 1.50020586501769786e-02
0.885740000 1.46707316186876595e-02
0.885818000 1.43076739487403362e-02
0.885897000 1.39836816967470728e-02
0.885975000 1.36418078574026044e-02
0.886054000 1.33321259159016638e-02
0.886132000 1.30094538914575630e-02
0.886211000 1.26500366508528316e-02
0.886289000 1.23341081830428898e-02
0.886368000 1.20140950170636428e-02
0.886446000 1.11651993502309716e-02
0.886525000 1.07883565318367906e-02
0.886603000 1.09911806339076743e-02
0.886682000 1.10806923901458718e-02
0.886761000 1.08288987540679643e-02
0.886839000 1.05665024059222162e-02
0.886918000 9.05525549920823195e-03
0.886997000 9.68229069821229318e-03
0.887075000 9.45331687560464588e-03
0.887154000 9.79311621498039561e-03
0.887233000 9.64345383738455381e-03
0.887311000 9.43840745431823690e-03
0.887390000 9.31170394078642896e-03
0.887469000 9.11484855960129937e-03
0.887548000 8.82785092774693303e-03
0.887626000 8.60123969315697290e-03
0.887705000 8.40637266065950156e-03
0.887784000 8.25227336780284815e-03
0.887863000 7.83454066764296617e-03
0.887942000 7.89386743540562534e-03
0.888021000 7.68085048140267589e-03
0.888099000 7.36843100756255035e-03
0.888178000 7.35053243587297823e-03
0.888257000 7.22967021825988553e-03
0.888336000 7.04394963344143286e-03
0.888415000 6.88463367102432142e-03
0.888494000 6.66049619448985924e-03
0.888573000 6.48425637574983737e-03
0.888652000 6.24720174231292464e-03
0.888731000 6.19299637836879992e-03
0.888810000 6.06469685526821872e-03
0.888889000 5.89515507394088902e-03
0.888968000 5.70989749932875219e-03
0.889047000 5.57736170548705796e-03
0.889126000 5.41564072262547876e-03
0.889205000 5.25595406796087582e-03
0.889284000 5.09766551283969381e-03
0.889363000 4.87382737357102813e-03
0.889442000 4.69186621437737116e-03
0.889521000 4.26274918139974215e-03
0.889601000 4.47059271662079896e-03
0.889680000 4.30134556344403691e-03
0.889759000 4.15593697048759984e-03
0.889838000 3.99925644277766053e-03
0.889917000 3.86247699642018301e-03
0.889996000 3.72394223156101694e-03
0.890076000 3.60019934506893144e-03
0.890155000 3.31828301821530513e-03
0.890234000 3.32864854365721259e-03
0.890313000 3.28224537173491026e-03
0.890393000 3.18049545961741984e-03
0.890472000 3.05683512546078492e-03
0.890551000 2.95672676778776893e-03
0.890631000 2.86491697714536409e-03
0.890710000 2.77126199660682063e-03
0.890789000 2.68795018099031837e-03
0.890869000 2.57240510967153904e-03
0.890948000 2.52394189067788174e-03
0.891027000 2.45633284901692565e-03
0.891107000 2.36453404774214461e-03
0.891186000 2.28273590405967709e-03
0.891266000 2.22307904681169882e-03
0.891345000 2.13280764003237781e-03
0.891424000 1.89393040220812688e-03
0.891504000 1.88144006218290472e-03
0.891583000 1.90846316895623811e-03
0.891663000 1.84755029978323762e-03
0.891742000 1.78119987790587844e-03
0.891822000 1.72461522749557910e-03
0.891902000 1.63747810667545313e-03
0.891981000 1.58428813597018508e-03
0.892061000 1.53461284268630364e-03
0.892140000 1.48200860219123215e-03
0.892220000 1.37708052050164150e-03
0.892299000 1.37321527894722763e-03
0.892379000 1.38427177143053497e-03
0.892459000 1.33308205054106957e-03
0.892538000 1.27202619347092363e-03
0.892618000 1.20573992567500252e-03
0.892698000 1.24004142859098334e-03
0.892777000 1.16743029131092450e-03
0.892857000 1.18188016931057419e-03
0.892937000 1.08455618495676104e-03
0.893017000 1.02671853861468609e-03
0.893096000 1.08651778953641645e-03
0.893176000 1.04221936163612235e-03
0.893256000 1.06531831258475473e-03
0.893336000 1.03947515492354642e-03
0.893416000 9.99995065533286097e-04
0.893495000 9.90397361950735508e-04
0.893575000 9.76196977561081267e-04
0.893655000 9.54916086364813294e-04
0.893735000 9.36622959540797423e-04
0.893815000 9.16880347455147787e-04
0.893895000 8.97275080385796656e-04
0.893975000 8.77411186347218939e-04
0.894055000 8.54220775849978816e-04
0.894134000 8.36665129606004639e-04
0.894214000 8.22867566029387228e-04
0.894294000 7.98868081017094938e-04
0.894374000 7.93184485744034135e-04
0.894454000 7.78726537304364180e-04
0.894534000 7.23694418036374817e-04
0.894614000 7.37899555385467952e-04
0.894694000 7.29690353684310533e-04
0.894775000 6.63352806720369191e-04
0.894855000 6.83742942695169092e-04
0.894935000 6.68834658622835402e-04
0.895015000 6.68004607237886855e-04
0.895095000 6.54532030179130341e-04
0.895175000 6.21804662370563452e-04
0.895255000 6.27940622696880179e-04
0.895335000 6.20279924847097941e-04
0.895415000 6.09401919929095657e-04
0.895496000 5.93038944554381050e-04
0.895576000 5.71448794285908538e-04
0.895656000 5.56282369461416062e-04
0.895736000 5.45274909459300835e-04
0.895817000 5.29322970088762072e-04
0.895897000 5.14488320486203017e-04
0.895977000 5.04779372411442084e-04
0.896057000 4.98887612109230540e-04
0.896138000 4.91450162363808426e-04
0.896218000 4.79019659468891946e-04
0.896298000 4.80987924159070662e-04
0.896379000 4.76261913448532863e-04
0.896459000 4.74435535852349302e-04
0.896539000 4.75482883956860670e-04
0.896620000 4.73577924656320081e-04
0.896700000 4.71704842204256512e-04
0.896781000 4.63010509184045974e-04
0.896861000 4.45857441064526614e-04
0.896941000 4.62329340683632765e-04
0.897022000 4.41654574352260451e-04
0.897102000 4.51309130172063177e-04
0.897183000 4.54324813510264451e-04
0.897263000 4.47790722664614016e-04
0.897344000 4.37009481211912416e-04
0.897424000 4.22906135905831313e-04
0.897505000 4.06452710708951018e-04
0.897585000 3.88048706052287811e-04
0.897666000 3.70999823500686265e-04
0.897747000 3.31633787498877158e-04
0.897827000 3.12184181893941984e-04
0.897908000 3.08904984783929569e-04
0.897989000 2.92928527918874168e-04
0.898069000 2.77677539003444787e-04
0.898150000 2.61345703675095527e-04
0.898230000 2.52781560340192314e-04
0.898311000 2.43938864929992748e-04
0.898392000 2.32432014256192147e-04
0.898473000 2.19467065709059577e-04
0.898553000 2.09135907510774640e-04
0.898634000 1.99060578945039839e-04
0.898715000 1.85436836056412636e-04
0.898796000 1.80145113199535267e-04
0.898876000 1.75253416754879736e-04
0.898957000 1.69190246876506784e-04
0.899038000 1.65975251840202781e-04
0.899119000 1.62660361312773880e-04
0.899200000 1.60089435153197470e-04
0.899281000 1.57872215033147683e-04
0.899361000 1.56519983893037095e-04
0.899442000 1.55613729582975145e-04
0.899523000 1.56636947048298056e-04
0.899604000 1.56131928367698824e-04
0.899685000 1.54929979721356146e-04
0.899766000 1.54656579843387394e-04
0.899847000 1.54261497639277516e-04
0.899928000 1.51704884144661058e-04
0.900009000 1.51228005583275673e-04
0.900090000 1.51372193923614133e-04
0.900171000 1.33420233786136344e-04
0.900252000 1.36163092342127397e-04
0.900333000 1.43872519413771970e-04
0.900414000 1.39347631493800427e-04
0.900495000 1.34072315582080812e-04
0.900576000 1.28415221065874912e-04
0.900657000 1.23429098811655540e-04
0.900739000 1.17541159317424113e-04
0.900820000 1.12024675197294258e-04
0.900901000 1.05330690806373174e-04
0.900982000 1.03240361117035439e-04
0.901063000 9.59323643860640087e-05
0.901144000 9.70394547916697683e-05
0.901226000 9.49548796999248292e-05
0.901307000 1.00853641877607033e-04
0.901388000 1.12291876065419955e-04
0.901469000 1.14193734948206889e-04
0.901551000 1.35884435487867002e-04
0.901632000 1.42206182972561771e-04
0.901713000 1.57392181774193394e-04
0.901795000 1.70067335712701138e-04
0.901876000 1.78374084731222550e-04
0.901957000 1.78397164603209758e-04
0.902039000 1.96992996610862901e-04
0.902120000 1.99417581127099341e-04
0.902201000 1.97401581117665235e-04
0.902283000 1.97530539937616008e-04
0.902364000 1.85923988854086398e-04
0.902446000 1.72744352251344831e-04
0.902527000 1.77876897753268985e-04
0.902609000 1.68024352465905897e-04
0.902690000 1.45171516875864683e-04
0.902772000 1.46820955694269633e-04
0.902853000 1.38615835123117551e-04
0.902935000 1.29148926954949800e-04
0.903016000 1.20845565314901145e-04
0.903098000 1.14089390816142033e-04
0.903179000 1.07936623524307386e-04
0.903261000 1.01386329454240522e-04
0.903342000 9.47241129897420843e-05
0.903424000 9.25825379023415945e-05
0.903506000 8.75210472769629479e-05
0.903587000 8.31237437551482456e-05
0.903669000 7.92931873235925113e-05
0.903751000 3.82140367232416050e-05
